,high,close,open,low
2010-01-04,,,,
2010-01-05,,,,
2010-01-06,,,,
2010-01-07,,,,
2010-01-08,,,,
2010-01-11,,,,
2010-01-12,,,,
2010-01-13,,,,
2010-01-14,,,,
2010-01-15,,,,
2010-01-18,,,,
2010-01-19,,,,
2010-01-20,,,,
2010-01-21,,,,
2010-01-22,,,,
2010-01-25,,,,
2010-01-26,,,,
2010-01-27,,,,
2010-01-28,,,,
2010-01-29,,,,
2010-02-01,,,,
2010-02-02,,,,
2010-02-03,,,,
2010-02-04,,,,
2010-02-05,,,,
2010-02-08,,,,
2010-02-09,,,,
2010-02-10,,,,
2010-02-11,,,,
2010-02-12,,,,
2010-02-22,,,,
2010-02-23,,,,
2010-02-24,,,,
2010-02-25,,,,
2010-02-26,,,,
2010-03-01,,,,
2010-03-02,,,,
2010-03-03,,,,
2010-03-04,,,,
2010-03-05,,,,
2010-03-08,,,,
2010-03-09,,,,
2010-03-10,,,,
2010-03-11,,,,
2010-03-12,,,,
2010-03-15,,,,
2010-03-16,,,,
2010-03-17,,,,
2010-03-18,,,,
2010-03-19,,,,
2010-03-22,,,,
2010-03-23,,,,
2010-03-24,,,,
2010-03-25,,,,
2010-03-26,,,,
2010-03-29,,,,
2010-03-30,,,,
2010-03-31,,,,
2010-04-01,,,,
2010-04-02,,,,
2010-04-06,,,,
2010-04-07,,,,
2010-04-08,,,,
2010-04-09,,,,
2010-04-12,,,,
2010-04-13,,,,
2010-04-14,,,,
2010-04-15,,,,
2010-04-16,,,,
2010-04-19,,,,
2010-04-20,,,,
2010-04-21,,,,
2010-04-22,,,,
2010-04-23,,,,
2010-04-26,,,,
2010-04-27,,,,
2010-04-28,,,,
2010-04-29,,,,
2010-04-30,,,,
2010-05-04,,,,
2010-05-05,,,,
2010-05-06,,,,
2010-05-07,,,,
2010-05-10,,,,
2010-05-11,,,,
2010-05-12,,,,
2010-05-13,,,,
2010-05-14,,,,
2010-05-17,,,,
2010-05-18,,,,
2010-05-19,,,,
2010-05-20,,,,
2010-05-21,,,,
2010-05-24,,,,
2010-05-25,,,,
2010-05-26,,,,
2010-05-27,,,,
2010-05-28,,,,
2010-05-31,,,,
2010-06-01,,,,
2010-06-02,,,,
2010-06-03,,,,
2010-06-04,,,,
2010-06-07,,,,
2010-06-08,,,,
2010-06-09,,,,
2010-06-10,,,,
2010-06-11,,,,
2010-06-17,,,,
2010-06-18,,,,
2010-06-21,,,,
2010-06-22,,,,
2010-06-23,,,,
2010-06-24,,,,
2010-06-25,,,,
2010-06-28,,,,
2010-06-29,,,,
2010-06-30,,,,
2010-07-01,,,,
2010-07-02,,,,
2010-07-05,,,,
2010-07-06,,,,
2010-07-07,,,,
2010-07-08,,,,
2010-07-09,,,,
2010-07-12,,,,
2010-07-13,,,,
2010-07-14,,,,
2010-07-15,,,,
2010-07-16,,,,
2010-07-19,,,,
2010-07-20,,,,
2010-07-21,,,,
2010-07-22,,,,
2010-07-23,,,,
2010-07-26,,,,
2010-07-27,,,,
2010-07-28,,,,
2010-07-29,,,,
2010-07-30,,,,
2010-08-02,,,,
2010-08-03,,,,
2010-08-04,,,,
2010-08-05,,,,
2010-08-06,,,,
2010-08-09,,,,
2010-08-10,,,,
2010-08-11,,,,
2010-08-12,,,,
2010-08-13,,,,
2010-08-16,,,,
2010-08-17,,,,
2010-08-18,,,,
2010-08-19,,,,
2010-08-20,,,,
2010-08-23,,,,
2010-08-24,,,,
2010-08-25,,,,
2010-08-26,,,,
2010-08-27,,,,
2010-08-30,,,,
2010-08-31,,,,
2010-09-01,,,,
2010-09-02,,,,
2010-09-03,,,,
2010-09-06,,,,
2010-09-07,,,,
2010-09-08,,,,
2010-09-09,,,,
2010-09-10,,,,
2010-09-13,,,,
2010-09-14,,,,
2010-09-15,,,,
2010-09-16,,,,
2010-09-17,,,,
2010-09-20,,,,
2010-09-21,,,,
2010-09-27,,,,
2010-09-28,,,,
2010-09-29,,,,
2010-09-30,,,,
2010-10-08,,,,
2010-10-11,,,,
2010-10-12,,,,
2010-10-13,,,,
2010-10-14,,,,
2010-10-15,,,,
2010-10-18,,,,
2010-10-19,,,,
2010-10-20,,,,
2010-10-21,,,,
2010-10-22,,,,
2010-10-25,,,,
2010-10-26,,,,
2010-10-27,,,,
2010-10-28,,,,
2010-10-29,,,,
2010-11-01,,,,
2010-11-02,,,,
2010-11-03,,,,
2010-11-04,,,,
2010-11-05,,,,
2010-11-08,,,,
2010-11-09,,,,
2010-11-10,,,,
2010-11-11,,,,
2010-11-12,,,,
2010-11-15,,,,
2010-11-16,,,,
2010-11-17,,,,
2010-11-18,,,,
2010-11-19,,,,
2010-11-22,,,,
2010-11-23,,,,
2010-11-24,,,,
2010-11-25,,,,
2010-11-26,,,,
2010-11-29,,,,
2010-11-30,,,,
2010-12-01,,,,
2010-12-02,,,,
2010-12-03,,,,
2010-12-06,,,,
2010-12-07,,,,
2010-12-08,,,,
2010-12-09,7.905671,7.711945,7.653349,7.246765
2010-12-10,7.83392,7.71912,7.711945,7.473974
2010-12-13,7.948721,7.881754,7.750212,7.567249
2010-12-14,7.8686,7.520611,7.760974,7.509849
2010-12-15,7.830333,7.511045,7.61867,7.511045
2010-12-16,7.713141,7.595949,7.40342,7.402224
2010-12-17,7.832725,7.794458,7.533766,7.495499
2010-12-20,7.829137,7.583991,7.794458,7.493107
2010-12-21,7.686833,7.58997,7.665308,7.533766
2010-12-22,7.585187,7.350803,7.534961,7.280248
2010-12-23,7.50387,7.180994,7.414182,7.163057
2010-12-24,7.173819,6.876056,7.055431,6.823439
2010-12-27,6.971723,6.780389,6.888014,6.708639
2010-12-28,6.828222,6.618951,6.684722,6.583076
2010-12-29,6.804306,6.74571,6.623735,6.623735
2010-12-30,6.755277,6.678743,6.74571,6.660805
2010-12-31,6.786368,6.73136,6.684722,6.577097
2011-01-04,6.933456,6.882035,6.742122,6.711031
2011-01-05,6.981289,6.895189,6.829418,6.768431
2011-01-06,6.928673,6.695485,6.895189,6.695485
2011-01-07,6.769627,6.672764,6.699072,6.623735
2011-01-10,6.707443,6.536439,6.67396,6.518501
2011-01-11,6.529264,6.319992,6.511326,6.218346
2011-01-12,6.401309,6.382176,6.348692,6.278138
2011-01-13,6.433597,6.269767,6.433597,6.26618
2011-01-14,6.300859,6.101154,6.300859,6.000704
2011-01-17,6.071258,5.881121,6.041363,5.847637
2011-01-18,5.916996,5.847637,5.847637,5.808175
2011-01-19,5.975592,5.93015,5.883512,5.812958
2011-01-20,5.912212,5.541503,5.912212,5.541503
2011-01-21,5.580966,5.476928,5.500845,5.405178
2011-01-24,5.529545,5.453011,5.466165,5.348974
2011-01-25,5.664674,5.627603,5.453011,5.333428
2011-01-26,5.662283,5.591728,5.588141,5.502041
2011-01-27,5.620428,5.588141,5.510411,5.442249
2011-01-28,5.667066,5.620428,5.590532,5.564224
2011-01-31,5.772299,5.730445,5.621624,5.596512
2011-02-01,5.732837,5.632387,5.668262,5.573791
2011-02-09,5.614449,5.487691,5.582162,5.45899
2011-02-10,5.718487,5.718487,5.498453,5.429095
2011-02-11,5.83807,5.783062,5.713704,5.681416
2011-02-14,5.854812,5.84405,5.775887,5.75197
2011-02-15,5.871554,5.810566,5.834483,5.802195
2011-02-16,5.889491,5.881121,5.811762,5.757949
2011-02-17,5.903841,5.850029,5.881121,5.787845
2011-02-18,5.834483,5.722074,5.8297,5.716095
2011-02-21,6.200409,6.067671,5.725662,5.722074
2011-02-22,6.072454,5.824916,6.015054,5.820133
2011-02-23,6.110721,6.036579,5.860791,5.817741
2011-02-24,6.146596,5.998312,6.036579,5.967221
2011-02-25,6.04495,5.927758,6.003096,5.865575
2011-02-28,6.083217,6.062888,5.974396,5.932541
2011-03-01,6.128659,6.068867,6.079629,6.010271
2011-03-02,6.062888,5.943304,6.015054,5.8871
2011-03-03,5.977983,5.757949,5.911016,5.757949
2011-03-04,5.8297,5.762733,5.781866,5.688591
2011-03-07,5.873946,5.839266,5.775887,5.736424
2011-03-08,5.859595,5.842854,5.835679,5.789041
2011-03-09,5.972004,5.842854,5.841658,5.81535
2011-03-10,5.93015,5.853616,5.857204,5.811762
2011-03-11,5.888296,5.826112,5.853616,5.811762
2011-03-14,5.82372,5.726858,5.787845,5.700549
2011-03-15,5.730445,5.573791,5.716095,5.500845
2011-03-16,5.667066,5.656303,5.578574,5.578574
2011-03-17,5.644345,5.595316,5.644345,5.548678
2011-03-18,5.655108,5.612057,5.595316,5.584553
2011-03-21,5.669458,5.644345,5.60847,5.57977
2011-03-22,5.659891,5.632387,5.644345,5.606078
2011-03-23,5.744795,5.738816,5.655108,5.639562
2011-03-24,5.768712,5.713704,5.743599,5.679024
2011-03-25,5.745991,5.700549,5.716095,5.674241
2011-03-28,5.72327,5.596512,5.702941,5.561832
2011-03-29,5.639562,5.46497,5.567812,5.441053
2011-03-30,5.494866,5.424311,5.470949,5.405178
2011-03-31,5.498453,5.431486,5.445836,5.424311
2011-04-01,5.516391,5.502041,5.414745,5.414745
2011-04-06,5.555853,5.518782,5.50802,5.455403
2011-04-07,5.68022,5.677828,5.547482,5.500845
2011-04-08,5.707724,5.68022,5.695766,5.638366
2011-04-11,5.69457,5.627603,5.676633,5.598903
2011-04-12,5.845245,5.72327,5.76632,5.681416
2011-04-13,5.961242,5.900254,5.714899,5.704137
2011-04-14,5.916996,5.834483,5.913408,5.824916
2011-04-15,5.847637,5.763929,5.806979,5.728054
2011-04-18,5.888296,5.851225,5.781866,5.747187
2011-04-19,5.847637,5.722074,5.79502,5.712508
2011-04-20,5.779474,5.740012,5.729249,5.718487
2011-04-21,5.943304,5.907429,5.810566,5.765124
2011-04-22,5.977983,5.897862,5.859595,5.81535
2011-04-25,6.034188,5.883512,5.949283,5.883512
2011-04-26,5.889491,5.712508,5.859595,5.695766
2011-04-27,5.789041,5.687395,5.69457,5.596512
2011-04-28,5.725662,5.342994,5.725662,5.342994
2011-04-29,5.439857,5.399199,5.354953,5.267657
2011-05-03,5.42192,5.405178,5.399199,5.341799
2011-05-04,5.42192,5.405178,5.399199,5.341799
2011-05-05,5.476928,5.417136,5.274832,5.261678
2011-05-06,5.453011,5.429095,5.382457,5.328644
2011-05-09,5.569007,5.512803,5.480516,5.456599
2011-05-10,5.53672,5.506824,5.534328,5.476928
2011-05-11,5.607274,5.576182,5.506824,5.482907
2011-05-12,5.576182,5.52237,5.560637,5.502041
2011-05-13,5.498532,5.456154,5.434965,5.392587
2011-05-16,5.6548,5.532964,5.538261,5.493235
2011-05-17,5.6548,5.567396,5.519721,5.509126
2011-05-18,5.675989,5.657449,5.511775,5.511775
2011-05-19,5.689232,5.551504,5.689232,5.551504
2011-05-20,5.588585,5.511775,5.562099,5.506478
2011-05-23,5.593882,5.376696,5.514424,5.350209
2011-05-24,5.474694,5.416425,5.31048,5.246913
2011-05-25,5.389939,5.082699,5.336966,5.072104
2011-05-26,5.164806,5.011186,5.093293,4.992646
2011-05-27,5.074753,5.005889,5.035024,4.886701
2011-05-30,5.231021,5.114482,4.982051,4.942322
2011-05-31,5.196589,5.191292,5.133023,5.082699
2011-06-01,5.44556,5.440262,5.188644,5.167455
2011-06-02,5.509126,5.429668,5.347561,5.347561
2011-06-03,5.551504,5.495883,5.429668,5.408479
2011-06-07,5.511775,5.461451,5.498532,5.38729
2011-06-08,5.469397,5.411128,5.461451,5.326372
2011-06-09,5.395236,5.299886,5.395236,5.297237
2011-06-10,5.32902,5.286642,5.299886,5.207184
2011-06-13,5.389939,5.323723,5.286642,5.143617
2011-06-14,5.429668,5.352858,5.307831,5.299886
2011-06-15,5.389939,5.323723,5.376696,5.270751
2011-06-16,5.307831,5.103888,5.276048,5.095942
2011-06-17,5.111834,5.032375,5.085347,5.024429
2011-06-20,5.109185,4.976754,5.032375,4.921133
2011-06-21,5.053564,5.013835,5.011186,4.958214
2011-06-22,5.045618,4.947619,4.976754,4.929079
2011-06-23,5.146266,5.098591,4.92643,4.905241
2011-06-24,5.236319,5.193941,5.077402,5.06151
2011-06-27,5.363452,5.283994,5.297237,5.231021
2011-06-28,5.29194,5.220427,5.29194,5.188644
2011-06-29,5.262805,5.162157,5.220427,5.151563
2011-06-30,5.241616,5.223076,5.162157,5.133023
2011-07-01,5.307831,5.270751,5.25221,5.223076
2011-07-04,5.517072,5.477343,5.307831,5.307831
2011-07-05,5.752799,5.670692,5.432316,5.432316
2011-07-06,5.813718,5.766042,5.665395,5.575342
2011-07-07,5.792529,5.707773,5.721016,5.662746
2011-07-08,5.858744,5.829609,5.707773,5.673341
2011-07-11,5.999121,5.980581,5.819015,5.779286
2011-07-12,5.954094,5.71307,5.874636,5.71307
2011-07-13,5.88523,5.856095,5.77134,5.726313
2011-07-14,5.967337,5.919662,5.893176,5.795177
2011-07-15,5.972635,5.951446,5.906419,5.826961
2011-07-18,5.972635,5.951446,5.906419,5.826961
2011-07-19,5.906419,5.723665,5.88523,5.715719
2011-07-20,5.811069,5.681287,5.760745,5.609774
2011-07-21,5.766042,5.697178,5.710421,5.641557
2011-07-22,5.755448,5.750151,5.699827,5.683935
2011-07-25,5.96204,5.78988,5.707773,5.699827
2011-07-26,6.19247,6.158038,5.829609,5.829609
2011-07-27,6.274577,6.218956,6.09712,6.081228
2011-07-28,6.478521,6.404359,6.091822,6.091822
2011-07-29,6.449386,6.205713,6.399062,6.205713
2011-08-01,6.380522,6.351387,6.19247,6.083877
2011-08-02,6.385819,6.375225,6.303712,6.113011
2011-08-03,6.534142,6.36463,6.290469,6.200416
2011-08-04,6.436143,6.28782,6.324901,6.258685
2011-08-05,6.319604,6.240145,6.091822,6.030904
2011-08-08,6.311658,5.980581,6.17393,5.840204
2011-08-09,6.224253,6.160687,5.826961,5.697178
2011-08-10,6.330198,6.200416,6.242794,6.165984
2011-08-11,6.512953,6.475872,6.073282,6.073282
2011-08-12,6.608303,6.571222,6.494413,6.412305
2011-08-15,7.22808,6.833436,6.629492,6.629492
2011-08-16,6.912894,6.76722,6.812247,6.701005
2011-08-17,7.026785,6.859922,6.674519,6.624195
2011-08-18,6.965867,6.76722,6.812247,6.69041
2011-08-19,6.904948,6.849327,6.648032,6.610952
2011-08-22,7.138027,6.669221,6.886408,6.616249
2011-08-23,6.772517,6.746031,6.642735,6.465278
2011-08-24,6.846679,6.674519,6.753977,6.655978
2011-08-25,6.724842,6.597709,6.648032,6.449386
2011-08-26,6.753977,6.716896,6.571222,6.531493
2011-08-29,6.859922,6.735437,6.701005,6.634789
2011-08-30,6.806949,6.505007,6.761923,6.489115
2011-08-31,6.568574,6.303712,6.497061,6.282523
2011-09-01,6.486467,6.361982,6.351387,6.277226
2011-09-02,6.383171,6.263983,6.285172,6.197767
2011-09-05,6.213659,6.083877,6.213659,6.028256
2011-09-06,6.150092,6.091822,6.012364,5.985878
2011-09-07,6.332847,6.314306,6.155389,6.126255
2011-09-08,6.332847,6.314306,6.155389,6.126255
2011-09-09,6.343441,6.144795,6.224253,6.118309
2011-09-13,6.089174,5.853447,6.060039,5.840204
2011-09-14,6.036202,6.007067,5.927608,5.78988
2011-09-15,6.266631,6.075931,5.999121,5.96204
2011-09-16,6.245442,6.107714,6.113011,6.062688
2011-09-19,6.17393,6.073282,6.158038,6.030904
2011-09-20,6.136849,5.96204,6.070634,5.864041
2011-09-21,6.245442,6.203064,5.983229,5.914365
2011-09-22,6.25074,5.964689,6.160687,5.895825
2011-09-23,6.033553,5.879933,5.832258,5.805772
2011-09-26,5.977932,5.742205,5.856095,5.721016
2011-09-27,5.879933,5.834906,5.779286,5.660098
2011-09-28,5.898473,5.707773,5.853447,5.69453
2011-09-29,5.691881,5.376696,5.675989,5.363452
2011-09-30,5.416425,5.257508,5.389939,5.217778
2011-10-10,5.389939,5.31048,5.326372,5.244265
2011-10-11,5.52237,5.400533,5.389939,5.297237
2011-10-12,5.723665,5.673341,5.371398,5.336966
2011-10-13,5.983229,5.954094,5.678638,5.644206
2011-10-14,5.999121,5.967337,5.927608,5.797826
2011-10-17,6.113011,5.972635,5.96204,5.930257
2011-10-18,5.932905,5.776637,5.932905,5.776637
2011-10-19,6.060039,5.96204,5.824312,5.824312
2011-10-20,5.940851,5.861393,5.829609,5.800474
2011-10-21,6.012364,6.012364,5.861393,5.826961
2011-10-24,6.226902,6.19247,6.028256,5.988526
2011-10-25,6.295766,6.216308,6.123606,6.123606
2011-10-26,6.470575,6.409657,6.226902,6.1342
2011-10-27,6.510304,6.356684,6.409657,6.303712
2011-10-28,6.59506,6.59506,6.4229,6.306361
2011-10-31,6.687762,6.489115,6.563277,6.483818
2011-11-01,6.491764,6.330198,6.396414,6.322252
2011-11-02,6.963218,6.907597,6.224253,6.213659
2011-11-03,7.024136,6.764572,7.018839,6.753977
2011-11-04,7.063865,6.793706,6.883759,6.727491
2011-11-07,6.806949,6.618898,6.796355,6.565925
2011-11-08,6.655978,6.515601,6.618898,6.505007
2011-11-09,6.899651,6.899651,6.618898,6.605654
2011-11-10,6.86257,6.701005,6.785761,6.632141
2011-11-11,6.820193,6.661275,6.669221,6.59506
2011-11-14,6.814895,6.732788,6.753977,6.642735
2011-11-15,6.870516,6.865219,6.76722,6.727491
2011-11-16,6.878462,6.57652,6.841382,6.544736
2011-11-17,6.706302,6.57652,6.608303,6.560628
2011-11-18,6.51825,6.377873,6.489115,6.303712
2011-11-21,6.377873,6.356684,6.330198,6.248091
2011-11-22,6.467926,6.467926,6.306361,6.279874
2011-11-23,6.666573,6.589763,6.494413,6.433494
2011-11-24,6.772517,6.743383,6.502358,6.475872
2011-11-25,6.804301,6.780463,6.719545,6.634789
2011-11-28,6.814895,6.791058,6.74868,6.679816
2011-11-29,6.849327,6.74868,6.849327,6.682464
2011-11-30,6.738085,6.515601,6.738085,6.330198
2011-12-01,6.777815,6.49971,6.685113,6.486467
2011-12-02,6.481169,6.330198,6.481169,6.271929
2011-12-05,6.399062,6.21101,6.213659,5.959392
2011-12-06,6.224253,6.136849,6.099768,6.03885
2011-12-07,6.179227,5.906419,6.179227,5.813718
2011-12-08,6.017661,5.893176,5.826961,5.779286
2011-12-09,5.959392,5.906419,5.832258,5.816366
2011-12-12,5.975283,5.932905,5.906419,5.826961
2011-12-13,5.927608,5.901122,5.927608,5.800474
2011-12-14,5.911716,5.826961,5.842852,5.795177
2011-12-15,5.967337,5.930257,5.837555,5.776637
2011-12-16,6.168632,6.168632,5.861393,5.861393
2011-12-19,6.271929,6.25074,6.105066,6.065336
2011-12-20,6.316955,6.242794,6.25074,6.152741
2011-12-21,6.380522,6.277226,6.187173,6.187173
2011-12-22,6.271929,6.26928,6.189821,5.935554
2011-12-23,6.391116,6.369927,6.261334,6.19247
2011-12-26,6.555331,6.489115,6.348738,6.253388
2011-12-27,6.473224,6.404359,6.438792,6.271929
2011-12-28,6.380522,6.343441,6.303712,6.015013
2011-12-29,6.502358,6.489115,6.26928,6.266631
2011-12-30,6.708951,6.701005,6.616249,6.497061
2012-01-04,6.788409,6.261334,6.701005,6.261334
2012-01-05,6.237497,5.853447,6.171281,5.826961
2012-01-06,5.821663,5.705124,5.707773,5.591234
2012-01-09,5.871987,5.84815,5.71307,5.588585
2012-01-10,6.054742,6.054742,5.845501,5.78988
2012-01-11,6.118309,6.02031,6.012364,5.9435
2012-01-12,6.05739,5.816366,5.9435,5.800474
2012-01-13,5.864041,5.429668,5.824312,5.427019
2012-01-16,5.479992,5.185995,5.323723,5.13832
2012-01-17,5.487937,5.44556,5.204535,5.13832
2012-01-18,5.469397,5.29194,5.350209,5.207184
2012-01-19,5.432316,5.400533,5.270751,5.217778
2012-01-20,5.612423,5.567396,5.400533,5.400533
2012-01-30,5.620368,5.548856,5.601828,5.498532
2012-01-31,5.588585,5.427019,5.548856,5.403182
2012-02-01,5.601828,5.374047,5.384641,5.350209
2012-02-02,5.548856,5.546207,5.389939,5.389939
2012-02-03,5.6548,5.599179,5.543558,5.509126
2012-02-06,5.715719,5.657449,5.615071,5.54091
2012-02-07,5.641557,5.562099,5.641557,5.55945
2012-02-08,5.691881,5.678638,5.562099,5.48264
2012-02-09,5.734259,5.707773,5.657449,5.628314
2012-02-10,5.734259,5.644206,5.670692,5.562099
2012-02-13,5.773988,5.773988,5.61772,5.577991
2012-02-14,5.819015,5.758097,5.776637,5.728962
2012-02-15,5.819015,5.803123,5.747502,5.707773
2012-02-16,5.951446,5.80842,5.853447,5.781934
2012-02-17,5.930257,5.871987,5.856095,5.84815
2012-02-20,5.935554,5.879933,5.935554,5.832258
2012-02-21,5.932905,5.92496,5.879933,5.80842
2012-02-22,6.179227,6.168632,5.919662,5.919662
2012-02-23,6.224253,6.089174,6.168632,6.02031
2012-02-24,6.356684,6.303712,6.086525,6.086525
2012-02-27,6.391116,6.277226,6.303712,6.203064
2012-02-28,6.245442,6.091822,6.245442,5.96204
2012-02-29,6.171281,6.03885,6.091822,5.959392
2012-03-01,6.067985,5.96204,6.009715,5.882582
2012-03-02,6.078579,6.070634,5.96204,5.948797
2012-03-05,6.136849,5.983229,6.094471,5.959392
2012-03-06,6.009715,5.932905,5.980581,5.858744
2012-03-07,5.991175,5.88523,5.86669,5.853447
2012-03-08,6.128903,6.120957,5.932905,5.922311
2012-03-09,6.21101,6.19247,6.120957,6.105066
2012-03-12,6.298415,6.266631,6.253388,6.19247
2012-03-13,6.290469,6.261334,6.213659,6.160687
2012-03-14,6.303712,5.890527,6.301063,5.856095
2012-03-15,5.975283,5.84815,5.88523,5.750151
2012-03-16,6.184524,6.152741,5.879933,5.877284
2012-03-19,6.356684,6.322252,6.118309,6.105066
2012-03-20,6.356684,6.322252,6.118309,6.105066
2012-03-21,6.234848,6.110363,6.171281,5.930257
2012-03-22,6.1342,6.075931,6.09712,5.991175
2012-03-23,6.197767,5.996472,6.065336,5.959392
2012-03-26,6.052093,6.049445,5.964689,5.959392
2012-03-27,6.102417,6.012364,6.089174,5.993824
2012-03-28,6.012364,5.805772,6.012364,5.734259
2012-03-29,5.893176,5.652152,5.763394,5.615071
2012-03-30,5.718367,5.63626,5.6548,5.604477
2012-04-05,5.813718,5.803123,5.675989,5.615071
2012-04-06,5.874636,5.837555,5.84815,5.69453
2012-04-09,5.890527,5.826961,5.853447,5.773988
2012-04-10,6.083877,5.919662,5.826961,5.734259
2012-04-11,6.065336,6.009715,5.840204,5.803123
2012-04-12,6.083877,6.05739,6.03885,5.988526
2012-04-13,6.129549,6.05739,6.05739,5.973203
2012-04-16,6.105496,6.069416,6.029328,5.981221
2012-04-17,6.093469,5.98523,6.08946,5.981221
2012-04-18,6.221753,6.181664,6.017301,5.98523
2012-04-19,6.205717,6.085452,6.165629,6.069416
2012-04-20,6.12554,6.12554,6.045363,6.017301
2012-04-23,6.12554,5.901044,6.12554,5.893026
2012-04-24,5.993248,5.937124,5.901044,5.692583
2012-04-25,5.957168,5.868973,5.941133,5.856946
2012-04-26,5.933115,5.820867,5.901044,5.784787
2012-04-27,5.876991,5.788796,5.840911,5.744698
2012-05-02,5.925097,5.796814,5.820867,5.712627
2012-05-03,5.828884,5.780778,5.77276,5.736681
2012-05-04,5.905053,5.889017,5.796814,5.764743
2012-05-07,6.029328,6.001265,5.872982,5.840911
2012-05-08,6.045363,5.965186,6.013292,5.941133
2012-05-09,5.913071,5.812849,5.901044,5.788796
2012-05-10,5.876991,5.800822,5.804831,5.77276
2012-05-11,5.852938,5.812849,5.832893,5.764743
2012-05-14,5.893026,5.812849,5.868973,5.776769
2012-05-15,5.941133,5.917079,5.764743,5.752716
2012-05-16,5.913071,5.784787,5.893026,5.756725
2012-05-17,5.852938,5.824876,5.788796,5.780778
2012-05-18,5.868973,5.796814,5.788796,5.77276
2012-05-21,5.872982,5.812849,5.77276,5.752716
2012-05-22,5.909062,5.852938,5.816858,5.816858
2012-05-23,5.933115,5.84492,5.872982,5.800822
2012-05-24,5.852938,5.672539,5.824876,5.616415
2012-05-25,5.700601,5.49214,5.676548,5.484122
2012-05-28,5.620424,5.612406,5.49214,5.452051
2012-05-29,5.680557,5.640468,5.644477,5.5643
2012-05-30,5.752716,5.688574,5.640468,5.640468
2012-05-31,5.708619,5.648486,5.660512,5.616415
2012-06-01,5.70461,5.66853,5.652495,5.640468
2012-06-04,5.700601,5.660512,5.640468,5.5643
2012-06-05,5.70461,5.70461,5.684565,5.63245
2012-06-06,5.740689,5.652495,5.732672,5.636459
2012-06-07,5.716636,5.616415,5.716636,5.592362
2012-06-08,5.684565,5.608397,5.644477,5.59637
2012-06-11,5.748707,5.680557,5.63245,5.59637
2012-06-12,5.748707,5.732672,5.648486,5.620424
2012-06-13,5.792805,5.708619,5.736681,5.656503
2012-06-14,5.720645,5.600379,5.66853,5.584344
2012-06-15,5.736681,5.684565,5.608397,5.5643
2012-06-18,5.788796,5.77276,5.696592,5.660512
2012-06-19,5.876991,5.812849,5.820867,5.77276
2012-06-20,5.824876,5.800822,5.784787,5.736681
2012-06-21,5.796814,5.756725,5.744698,5.692583
2012-06-25,5.848929,5.724654,5.756725,5.692583
2012-06-26,5.756725,5.648486,5.676548,5.604388
2012-06-27,5.728663,5.648486,5.628441,5.628441
2012-06-28,5.70461,5.636459,5.648486,5.572317
2012-06-29,5.764743,5.756725,5.628441,5.576326
2012-07-02,5.840911,5.80884,5.788796,5.720645
2012-07-03,6.041354,5.973203,5.784787,5.784787
2012-07-04,5.993248,5.909062,5.969195,5.868973
2012-07-05,5.876991,5.70461,5.84492,5.692583
2012-07-06,5.885009,5.881,5.720645,5.720645
2012-07-09,6.105496,5.981221,5.832893,5.832893
2012-07-10,6.109505,5.98523,5.929106,5.917079
2012-07-11,6.053381,6.02131,5.973203,5.881
2012-07-12,6.313957,6.165629,6.009283,5.989239
2012-07-13,6.321974,6.081443,6.113514,6.049372
2012-07-16,6.205717,5.905053,6.117522,5.901044
2012-07-17,5.989239,5.98523,5.889017,5.852938
2012-07-18,5.98523,5.953159,5.965186,5.800822
2012-07-19,6.193691,6.101487,5.901044,5.860955
2012-07-20,6.193691,6.109505,6.085452,6.041354
2012-07-23,6.129549,6.033336,6.12554,5.997257
2012-07-24,6.113514,6.053381,5.997257,5.997257
2012-07-25,6.077434,5.94915,6.025319,5.937124
2012-07-26,5.989239,5.881,5.937124,5.881
2012-07-27,5.94915,5.724654,5.929106,5.700601
2012-07-30,5.796814,5.716636,5.720645,5.712627
2012-07-31,5.752716,5.640468,5.748707,5.616415
2012-08-01,5.832893,5.736681,5.644477,5.644477
2012-08-02,5.780778,5.692583,5.732672,5.616415
2012-08-03,5.860955,5.84492,5.760734,5.736681
2012-08-06,5.977212,5.973203,5.812849,5.792805
2012-08-07,5.993248,5.933115,5.973203,5.901044
2012-08-08,5.965186,5.872982,5.953159,5.80884
2012-08-09,5.953159,5.945141,5.868973,5.832893
2012-08-10,5.969195,5.84492,5.969195,5.828884
2012-08-13,5.84492,5.788796,5.84492,5.756725
2012-08-14,5.816858,5.812849,5.77276,5.712627
2012-08-15,5.828884,5.768752,5.828884,5.720645
2012-08-16,5.776769,5.716636,5.736681,5.712627
2012-08-17,5.760734,5.680557,5.696592,5.63245
2012-08-20,5.776769,5.768752,5.684565,5.63245
2012-08-21,5.848929,5.804831,5.756725,5.728663
2012-08-22,5.852938,5.736681,5.84492,5.708619
2012-08-23,5.752716,5.600379,5.70461,5.49214
2012-08-24,5.588353,5.536238,5.552273,5.512184
2012-08-27,5.580335,5.560291,5.532229,5.512184
2012-08-28,5.604388,5.604388,5.560291,5.520202
2012-08-29,5.608397,5.572317,5.544255,5.532229
2012-08-30,5.568308,5.331786,5.5643,5.311741
2012-08-31,5.371874,5.307732,5.319759,5.283679
2012-09-03,5.375883,5.331786,5.275662,5.251608
2012-09-04,5.391919,5.259626,5.331786,5.251608
2012-09-05,5.359848,5.307732,5.271653,5.259626
2012-09-06,5.440025,5.432007,5.331786,5.327777
2012-09-07,5.63245,5.572317,5.472096,5.440025
2012-09-10,5.600379,5.560291,5.584344,5.524211
2012-09-11,5.5643,5.5643,5.556282,5.508176
2012-09-12,5.636459,5.59637,5.580335,5.544255
2012-09-13,5.732672,5.612406,5.616415,5.600379
2012-09-14,5.692583,5.544255,5.660512,5.496149
2012-09-17,5.644477,5.464078,5.584344,5.423989
2012-09-18,5.468087,5.436016,5.407954,5.371874
2012-09-19,5.548264,5.472096,5.448043,5.427998
2012-09-20,5.464078,5.331786,5.460069,5.251608
2012-09-21,5.355839,5.123325,5.319759,5.015086
2012-09-24,5.21152,5.21152,5.011077,4.991032
2012-09-25,5.207511,5.187467,5.115307,5.079227
2012-09-26,5.171431,5.151387,5.119316,5.075219
2012-09-27,5.251608,5.203502,5.07121,5.07121
2012-09-28,5.291697,5.283679,5.195484,5.163413
2012-10-08,5.403945,5.267644,5.371874,5.2476
2012-10-09,5.371874,5.335795,5.267644,5.267644
2012-10-10,5.347821,5.327777,5.335795,5.263635
2012-10-11,5.311741,5.167422,5.311741,5.151387
2012-10-12,5.259626,5.147378,5.155396,5.115307
2012-10-15,5.187467,5.087245,5.123325,5.039139
2012-10-16,5.163413,5.087245,5.091254,5.059183
2012-10-17,5.163413,5.13936,5.135351,5.031121
2012-10-18,5.195484,5.17544,5.103281,5.103281
2012-10-19,5.199493,5.127334,5.17544,5.115307
2012-10-22,5.13936,5.127334,5.083236,5.083236
2012-10-23,5.191475,5.099272,5.191475,5.091254
2012-10-24,5.087245,4.983015,5.051165,4.979006
2012-10-25,5.011077,4.946935,4.991032,4.946935
2012-10-26,4.970988,4.878784,4.938917,4.710412
2012-10-29,4.910855,4.886802,4.902837,4.834687
2012-10-30,5.063192,5.015086,4.991032,4.96297
2012-10-31,5.039139,4.995041,5.011077,4.96297
2012-11-01,5.087245,5.067201,5.03513,5.031121
2012-11-02,5.155396,5.123325,5.099272,5.015086
2012-11-05,5.123325,5.075219,5.091254,5.051165
2012-11-06,5.091254,5.075219,5.087245,4.987024
2012-11-07,5.087245,4.96297,5.027112,4.954953
2012-11-08,4.987024,4.926891,4.934908,4.85874
2012-11-09,4.970988,4.970988,4.926891,4.89482
2012-11-12,4.995041,4.983015,4.970988,4.910855
2012-11-13,4.979006,4.922882,4.979006,4.810634
2012-11-14,4.914864,4.902837,4.874775,4.82266
2012-11-15,4.890811,4.850722,4.890811,4.806625
2012-11-16,4.870767,4.870767,4.830678,4.758518
2012-11-19,4.870767,4.870767,4.82266,4.802616
2012-11-20,4.946935,4.902837,4.890811,4.870767
2012-11-21,4.946935,4.922882,4.918873,4.862749
2012-11-22,4.926891,4.870767,4.926891,4.854731
2012-11-23,4.890811,4.850722,4.870767,4.830678
2012-11-26,4.85874,4.838696,4.826669,4.770545
2012-11-27,4.834687,4.734465,4.834687,4.690368
2012-11-28,4.746492,4.606182,4.746492,4.530013
2012-11-29,4.630235,4.389703,4.554067,4.389703
2012-11-30,4.449836,4.413756,4.389703,4.345606
2012-12-03,4.405739,4.341597,4.389703,4.281464
2012-12-04,4.429792,4.429792,4.353623,4.265429
2012-12-05,4.606182,4.526005,4.409748,4.385694
2012-12-06,4.582129,4.489925,4.489925,4.453845
2012-12-07,4.606182,4.570102,4.457854,4.457854
2012-12-10,4.694377,4.650279,4.602173,4.538031
2012-12-11,4.774554,4.666315,4.650279,4.64627
2012-12-12,4.690368,4.614199,4.690368,4.570102
2012-12-13,4.730456,4.574111,4.634244,4.562084
2012-12-14,4.750501,4.690368,4.570102,4.558075
2012-12-17,4.71843,4.654288,4.71843,4.622217
2012-12-18,4.686359,4.638253,4.658297,4.610191
2012-12-19,4.71843,4.658297,4.642261,4.590146
2012-12-20,4.674332,4.666315,4.618208,4.602173
2012-12-21,4.778563,4.762527,4.666315,4.650279
2012-12-24,4.818651,4.810634,4.710412,4.698386
2012-12-25,4.902837,4.882793,4.798607,4.798607
2012-12-26,5.043148,5.003059,4.886802,4.886802
2012-12-27,5.051165,4.970988,5.011077,4.902837
2012-12-28,5.047156,5.047156,4.979006,4.934908
2012-12-31,5.127334,5.127334,5.03513,4.991032
2013-01-04,5.151387,5.031121,5.127334,4.938917
2013-01-07,5.03513,5.031121,5.015086,4.890811
2013-01-08,5.135351,5.095263,4.995041,4.974997
2013-01-09,5.123325,5.039139,5.075219,5.015086
2013-01-10,5.163413,5.107289,5.075219,5.043148
2013-01-11,5.223546,5.031121,5.135351,4.995041
2013-01-14,5.151387,5.151387,4.991032,4.958962
2013-01-15,5.255617,5.235573,5.131343,5.099272
2013-01-16,5.251608,5.171431,5.243591,5.079227
2013-01-17,5.227555,5.151387,5.171431,5.083236
2013-01-18,5.395927,5.38791,5.135351,5.135351
2013-01-21,5.395927,5.38791,5.135351,5.135351
2013-01-22,5.49214,5.399936,5.49214,5.251608
2013-01-23,5.407954,5.283679,5.391919,5.199493
2013-01-24,5.411963,5.143369,5.307732,5.051165
2013-01-25,5.171431,5.051165,5.131343,5.043148
2013-01-28,5.203502,5.191475,5.075219,5.075219
2013-01-29,5.27967,5.235573,5.21152,5.171431
2013-01-30,5.259626,5.171431,5.223546,5.095263
2013-01-31,5.355839,5.31575,5.159405,5.13936
2013-02-01,5.347821,5.31575,5.275662,5.215529
2013-02-04,5.452051,5.359848,5.323768,5.263635
2013-02-05,5.436016,5.383901,5.391919,5.311741
2013-02-06,5.444034,5.323768,5.403945,5.311741
2013-02-07,5.427998,5.375883,5.295706,5.295706
2013-02-08,5.49214,5.436016,5.379892,5.379892
2013-02-18,5.440025,5.335795,5.436016,5.291697
2013-02-19,5.427998,5.38791,5.371874,5.251608
2013-02-20,5.676548,5.644477,5.38791,5.335795
2013-02-21,5.77276,5.712627,5.612406,5.536238
2013-02-22,5.77276,5.716636,5.656503,5.604388
2013-02-25,5.736681,5.652495,5.716636,5.592362
2013-02-26,5.640468,5.403945,5.640468,5.343812
2013-02-27,5.444034,5.243591,5.444034,5.167422
2013-02-28,5.512184,5.468087,5.2476,5.239582
2013-03-01,5.708619,5.660512,5.468087,5.452051
2013-03-04,5.872982,5.600379,5.636459,5.532229
2013-03-05,5.933115,5.893026,5.536238,5.536238
2013-03-06,6.049372,5.981221,5.876991,5.876991
2013-03-07,5.981221,5.736681,5.981221,5.736681
2013-03-08,5.852938,5.728663,5.736681,5.672539
2013-03-11,5.80884,5.760734,5.688574,5.580335
2013-03-12,5.889017,5.584344,5.764743,5.568308
2013-03-13,5.66853,5.52822,5.572317,5.415972
2013-03-14,5.59637,5.52822,5.52822,5.476105
2013-03-15,5.764743,5.660512,5.532229,5.504167
2013-03-18,5.760734,5.700601,5.620424,5.620424
2013-03-19,5.768752,5.712627,5.700601,5.59637
2013-03-20,5.94915,5.925097,5.712627,5.708619
2013-03-21,6.013292,5.969195,5.933115,5.885009
2013-03-22,5.961177,5.897035,5.961177,5.832893
2013-03-25,6.085452,6.013292,5.913071,5.913071
2013-03-26,6.08946,6.033336,6.009283,5.933115
2013-03-27,6.077434,5.917079,6.033336,5.864964
2013-03-28,6.005274,5.852938,5.836902,5.796814
2013-03-29,5.98523,5.98523,5.872982,5.836902
2013-04-01,6.1977,6.173647,5.933115,5.856946
2013-04-02,6.217744,5.98523,6.145584,5.965186
2013-04-03,5.989239,5.828884,5.973203,5.680557
2013-04-08,5.712627,5.700601,5.608397,5.516193
2013-04-09,5.804831,5.712627,5.656503,5.572317
2013-04-10,5.740689,5.544255,5.724654,5.532229
2013-04-11,5.840111,5.775266,5.629364,5.6091
2013-04-12,5.79553,5.673945,5.763107,5.669892
2013-04-15,5.673945,5.568572,5.673945,5.394301
2013-04-16,5.633417,5.613153,5.532096,5.491568
2013-04-17,5.730685,5.714473,5.613153,5.552361
2013-04-18,5.775266,5.71042,5.714473,5.673945
2013-04-19,5.961695,5.900903,5.746896,5.682051
2013-04-22,5.986012,5.965748,5.888744,5.840111
2013-04-23,5.990065,5.95359,5.965748,5.815794
2013-04-24,6.119755,5.998171,6.034646,5.909009
2013-04-25,6.127861,5.909009,5.994118,5.673945
2013-04-26,6.034646,5.706368,6.034646,5.511832
2013-05-02,5.876586,5.79553,5.641523,5.621258
2013-05-03,6.119755,5.945484,5.823899,5.823899
2013-05-06,6.221076,6.200811,5.95359,5.95359
2013-05-07,6.229181,6.107597,6.160283,6.099491
2013-05-08,6.334554,6.277815,6.127861,6.095438
2013-05-09,6.419664,6.261604,6.281868,6.15623
2013-05-10,6.354818,6.273762,6.281868,6.160283
2013-05-13,6.277815,6.168389,6.229181,6.071121
2013-05-14,6.21297,6.079227,6.123808,5.957642
2013-05-15,6.217023,6.204864,6.079227,5.986012
2013-05-16,6.200811,6.160283,6.15623,5.990065
2013-05-17,6.192706,6.111649,6.144072,6.018435
2013-05-20,6.253498,6.200811,6.111649,6.08328
2013-05-21,6.277815,6.261604,6.200811,6.018435
2013-05-22,6.261604,6.107597,6.261604,6.006276
2013-05-23,6.140019,6.02654,6.079227,5.998171
2013-05-24,6.127861,6.075174,5.998171,5.998171
2013-05-27,6.249445,6.245392,6.075174,6.075174
2013-05-28,6.24134,6.1846,6.237287,6.123808
2013-05-29,6.403452,6.334554,6.188653,6.188653
2013-05-30,6.427769,6.366977,6.322396,6.21297
2013-05-31,6.403452,6.160283,6.322396,6.144072
2013-06-03,6.200811,6.006276,6.160283,5.990065
2013-06-04,6.180547,5.937378,5.998171,5.819847
2013-06-05,6.014382,5.945484,5.937378,5.832005
2013-06-06,6.006276,5.961695,5.917114,5.856322
2013-06-07,5.990065,5.844163,5.904956,5.73879
2013-06-13,5.844163,5.779318,5.844163,5.596942
2013-06-14,5.998171,5.998171,5.840111,5.755001
2013-06-17,6.038699,5.89685,5.981959,5.884692
2013-06-18,5.957642,5.89685,5.880639,5.819847
2013-06-19,5.89685,5.734737,5.89685,5.718526
2013-06-20,5.775266,5.584783,5.730685,5.471304
2013-06-21,5.544255,5.511832,5.503727,5.34972
2013-06-24,5.499674,5.256505,5.446987,5.187607
2013-06-25,5.394301,5.353772,5.187607,5.00523
2013-06-26,5.548308,5.548308,5.337561,5.337561
2013-06-27,5.661787,5.353772,5.499674,5.345667
2013-06-28,5.665839,5.390248,5.353772,5.268663
2013-07-01,5.665839,5.617206,5.341614,5.341614
2013-07-02,5.79553,5.775266,5.592889,5.556413
2013-07-03,5.888744,5.787424,5.791477,5.702315
2013-07-04,5.832005,5.79553,5.832005,5.665839
2013-07-05,5.79553,5.613153,5.79553,5.600994
2013-07-08,5.613153,5.390248,5.613153,5.288927
2013-07-09,5.584783,5.548308,5.390248,5.138973
2013-07-10,5.584783,5.467251,5.560466,5.374037
2013-07-11,5.750949,5.746896,5.45104,5.390248
2013-07-12,6.038699,5.941431,5.73879,5.682051
2013-07-15,6.05491,5.969801,6.014382,5.917114
2013-07-16,6.24134,6.075174,5.941431,5.937378
2013-07-17,6.354818,6.180547,6.079227,6.075174
2013-07-18,6.504773,6.435875,6.261604,6.115702
2013-07-19,7.080273,6.88979,6.545301,6.476403
2013-07-22,7.092431,6.922213,6.922213,6.735783
2013-07-23,7.096484,6.893843,6.857368,6.784417
2013-07-24,7.214016,7.092431,6.88979,6.792523
2013-07-25,7.169435,6.654727,7.072167,6.606093
2013-07-26,7.169435,7.031639,6.695255,6.670938
2013-07-29,7.376129,7.3356,7.092431,6.828998
2013-07-30,7.291019,6.877632,7.20591,6.646621
2013-07-31,7.092431,7.019481,6.849262,6.662833
2013-08-01,7.214016,7.169435,6.934371,6.893843
2013-08-02,7.222122,6.934371,7.019481,6.849262
2013-08-05,7.051903,6.962741,6.849262,6.849262
2013-08-06,7.574717,7.440974,7.019481,6.942477
2013-08-07,7.449079,7.278861,7.408551,7.019481
2013-08-08,7.222122,7.177541,7.13296,7.035692
2013-08-09,7.295072,6.930319,7.141065,6.691202
2013-08-12,6.88979,6.727678,6.885738,6.646621
2013-08-13,6.804681,6.743889,6.727678,6.650674
2013-08-14,6.768206,6.699308,6.727678,6.585829
2013-08-15,6.768206,6.68715,6.699308,6.63041
2013-08-16,6.828998,6.399399,6.670938,6.366977
2013-08-19,6.747942,6.626357,6.322396,6.306185
2013-08-20,6.731731,6.597988,6.626357,6.557459
2013-08-21,6.606093,6.565565,6.488561,6.326449
2013-08-22,6.841157,6.747942,6.577723,6.541248
2013-08-23,7.035692,7.011375,6.796576,6.654727
2013-08-26,7.080273,7.051903,7.011375,6.861421
2013-08-27,7.13296,7.031639,7.011375,6.808734
2013-08-28,7.404498,6.88979,7.011375,6.88979
2013-08-29,7.035692,6.873579,6.885738,6.707414
2013-08-30,6.901949,6.480456,6.727678,6.448033
2013-09-02,6.768206,6.565565,6.484509,6.484509
2013-09-03,7.222122,7.092431,6.573671,6.573671
2013-09-04,7.457185,7.347759,7.043798,6.922213
2013-09-05,7.57877,7.432868,7.416657,7.23428
2013-09-06,7.57877,7.436921,7.436921,7.246438
2013-09-09,7.599034,7.347759,7.440974,7.274808
2013-09-10,7.440974,7.165382,7.368023,7.07622
2013-09-11,7.161329,6.926266,7.161329,6.865474
2013-09-12,7.04785,6.970847,6.828998,6.81684
2013-09-13,7.667931,7.667931,6.970847,6.934371
2013-09-16,8.186692,7.923259,7.627403,7.513924
2013-09-17,8.101583,7.740882,7.935417,7.647667
2013-09-18,8.1259,8.1259,7.736829,7.619298
2013-09-23,8.101583,8.000263,8.101583,7.886784
2013-09-24,8.652766,8.510918,7.99621,7.757093
2013-09-25,8.891883,8.344752,8.381227,8.300171
2013-09-26,8.705453,8.109689,8.389333,7.846255
2013-09-27,8.300171,8.065108,8.166428,7.984051
2013-09-30,8.38528,8.292065,8.065108,7.78141
2013-10-08,8.288013,7.935417,8.288013,7.927312
2013-10-09,8.219115,8.008368,7.890836,7.744935
2013-10-10,8.040791,7.821939,8.024579,7.720618
2013-10-11,8.178587,8.129953,7.825991,7.821939
2013-10-14,8.429861,8.304224,8.134006,8.06916
2013-10-15,8.421756,8.089425,8.304224,8.024579
2013-10-16,8.263696,8.166428,8.089425,7.659826
2013-10-17,8.25559,7.963787,8.109689,7.947576
2013-10-18,8.510918,8.405544,7.915153,7.915153
2013-10-21,8.75814,8.624397,8.44202,8.332594
2013-10-22,8.697347,8.275854,8.664925,8.215062
2013-10-23,8.28396,7.99621,8.275854,7.80978
2013-10-24,8.166428,8.000263,8.040791,7.846255
2013-10-25,8.105636,7.785463,8.016474,7.773305
2013-10-28,7.923259,7.854361,7.797622,7.538241
2013-10-29,7.93947,7.611192,7.785463,7.23428
2013-10-30,7.696301,7.534189,7.619298,7.416657
2013-10-31,7.736829,7.582822,7.538241,7.376129
2013-11-01,7.659826,7.408551,7.615245,7.274808
2013-11-04,7.570664,7.554453,7.416657,7.343706
2013-11-05,7.86652,7.773305,7.619298,7.497713
2013-11-06,7.923259,7.582822,7.769252,7.582822
2013-11-07,7.716565,7.339653,7.5504,7.295072
2013-11-08,7.428815,7.157276,7.295072,7.092431
2013-11-11,7.274808,7.274808,7.13296,7.092431
2013-11-12,7.404498,7.254544,7.291019,7.214016
2013-11-13,7.351812,7.108643,7.185646,7.10459
2013-11-14,7.246438,7.177541,7.092431,7.072167
2013-11-15,7.376129,7.286967,7.177541,7.177541
2013-11-18,7.676037,7.647667,7.295072,7.173488
2013-11-19,7.655773,7.359917,7.655773,7.331548
2013-11-20,7.372076,7.197805,7.339653,7.072167
2013-11-21,7.230227,7.112695,7.124854,7.011375
2013-11-22,7.295072,7.068114,7.112695,7.011375
2013-11-25,7.201857,7.035692,7.055956,7.015428
2013-11-26,7.092431,7.043798,7.031639,6.954636
2013-11-27,7.274808,7.254544,7.055956,7.003269
2013-11-28,7.546347,7.457185,7.254544,7.23428
2013-11-29,7.477449,7.295072,7.461238,7.092431
2013-12-02,7.124854,6.849262,7.011375,6.739836
2013-12-03,6.881685,6.824945,6.812787,6.525037
2013-12-04,7.04785,6.812787,6.768206,6.731731
2013-12-05,7.242386,6.683097,6.812787,6.606093
2013-12-06,6.820893,6.719572,6.634463,6.597988
2013-12-09,6.820893,6.719572,6.634463,6.597988
2013-12-10,7.295072,7.226174,7.295072,7.007322
2013-12-11,7.947576,7.947576,7.145118,7.100537
2013-12-12,8.105636,7.769252,7.947576,7.696301
2013-12-13,7.915153,7.724671,7.720618,7.627403
2013-12-16,7.935417,7.457185,7.704407,7.412604
2013-12-17,7.704407,7.700354,7.5504,7.376129
2013-12-18,7.797622,7.590928,7.700354,7.461238
2013-12-19,7.931365,7.761146,7.538241,7.52203
2013-12-20,7.720618,7.457185,7.720618,7.457185
2013-12-23,7.574717,7.457185,7.505819,7.291019
2013-12-24,7.639562,7.562558,7.469343,7.440974
2013-12-25,7.740882,7.700354,7.509872,7.509872
2013-12-26,7.773305,7.52203,7.635509,7.52203
2013-12-27,7.732777,7.582822,7.465291,7.461238
2013-12-30,7.951629,7.773305,7.647667,7.619298
2013-12-31,7.919206,7.793569,7.78141,7.720618
2014-01-02,8.077266,7.975946,7.902995,7.801674
2014-01-03,8.170481,8.138058,7.947576,7.850308
2014-01-06,8.223168,7.902995,8.129953,7.882731
2014-01-07,8.1259,8.065108,7.825991,7.692248
2014-01-08,8.344752,8.320435,8.09753,8.024579
2014-01-09,8.551446,8.113741,8.279907,8.065108
2014-01-10,8.211009,8.134006,8.065108,7.943523
2014-01-13,8.186692,7.975946,8.048896,7.902995
2014-01-14,8.105636,8.077266,7.984051,7.898942
2014-01-15,8.235326,8.223168,8.065108,7.975946
2014-01-16,8.288013,8.000263,8.198851,7.984051
2014-01-17,8.040791,7.825991,7.919206,7.773305
2014-01-20,7.78141,7.453132,7.761146,7.440974
2014-01-21,7.68009,7.62335,7.457185,7.449079
2014-01-22,8.040791,8.008368,7.607139,7.607139
2014-01-23,8.810826,8.494706,8.25559,8.158322
2014-01-24,8.875671,8.685189,8.377175,8.377175
2014-01-27,9.317428,8.847302,8.624397,8.608185
2014-01-28,9.074259,8.997256,8.855407,8.612238
2014-01-29,9.086418,8.936464,8.916199,8.818932
2014-01-30,9.256636,9.009414,8.948622,8.908094
2014-02-07,9.179633,9.033731,8.916199,8.904041
2014-02-10,9.807819,9.544386,8.997256,8.952675
2014-02-11,9.69434,9.357957,9.4917,9.240425
2014-02-12,10.164467,10.030724,9.293111,9.293111
2014-02-13,10.046936,9.56465,9.876717,9.532228
2014-02-14,10.45627,10.342791,9.605178,9.605178
2014-02-17,10.727809,10.359003,10.334686,10.233365
2014-02-18,10.45627,10.334686,10.375214,10.119886
2014-02-19,10.492746,10.204996,10.253629,10.103675
2014-02-20,10.330633,9.844295,10.281999,9.601126
2014-02-21,10.32658,9.969932,9.775397,9.637601
2014-02-24,9.969932,9.888876,9.896981,9.726763
2014-02-25,10.711598,9.443066,9.953721,9.341745
2014-02-26,9.807819,9.4917,9.285006,9.280953
2014-02-27,10.233365,9.730816,9.584914,9.487647
2014-02-28,10.046936,9.90914,9.730816,9.325534
2014-03-03,9.965879,9.645707,9.856453,9.524122
2014-03-04,9.645707,9.443066,9.56465,9.341745
2014-03-05,9.520069,9.33364,9.479541,9.191791
2014-03-06,9.483594,9.483594,9.285006,9.037784
2014-03-07,9.706499,9.536281,9.483594,9.374168
2014-03-10,9.568703,9.280953,9.548439,9.199897
2014-03-11,9.507911,9.139104,9.2769,9.005361
2014-03-12,9.520069,9.366062,9.114787,9.037784
2014-03-13,9.905087,9.840242,9.451171,9.325534
2014-03-14,9.896981,9.726763,9.75108,9.524122
2014-03-17,10.265788,10.079358,9.848348,9.678129
2014-03-18,10.395478,10.111781,10.063147,9.888876
2014-03-19,10.115834,10.006407,10.115834,9.807819
2014-03-20,10.107728,9.524122,9.917245,9.524122
2014-03-21,9.848348,9.771344,9.483594,9.370115
2014-03-24,10.508957,10.314422,9.807819,9.807819
2014-03-25,10.853446,10.496798,10.419795,10.322527
2014-03-26,10.780496,10.45627,10.45627,10.294158
2014-03-27,11.323573,10.983137,10.45627,10.45627
2014-03-28,11.015559,10.45627,10.885869,10.334686
2014-03-31,10.488693,9.868612,10.379267,9.661918
2014-04-01,10.318474,10.277946,9.90914,9.868612
2014-04-02,10.391425,10.14015,10.281999,9.698393
2014-04-03,10.201187,9.989595,10.050631,9.814624
2014-04-04,10.376157,10.160496,9.908213,9.908213
2014-04-08,10.172703,9.900075,10.119805,9.782071
2014-04-09,10.091322,9.96518,9.944835,9.887868
2014-04-10,10.127943,10.030285,9.985525,9.985525
2014-04-11,9.969249,9.672206,9.948904,9.440269
2014-04-14,9.794279,9.794279,9.562341,9.501305
2014-04-15,9.851246,9.806486,9.757657,9.721035
2014-04-16,9.834969,9.725104,9.737312,9.452476
2014-04-17,9.826831,9.798348,9.704759,9.676275
2014-04-18,10.213394,10.168634,9.79021,9.725104
2014-04-21,10.164565,10.152358,10.119805,9.993664
2014-04-22,10.209325,9.989595,10.209325,9.737312
2014-04-23,10.282568,10.026216,9.989595,9.733242
2014-04-24,10.00994,9.643723,9.948904,9.623377
2014-04-25,9.712897,9.334472,9.643723,9.305989
2014-04-28,9.326334,8.919426,9.318196,8.736318
2014-04-29,9.106604,8.99267,8.870597,8.748525
2014-04-30,9.151364,9.03336,8.931633,8.931633
2014-05-05,9.529788,9.318196,9.069982,9.03336
2014-05-06,9.52165,9.399578,9.354818,9.273436
2014-05-07,9.460614,9.350749,9.358887,9.208331
2014-05-08,9.399578,9.135087,9.277505,9.03336
2014-05-09,9.220538,8.911288,9.155433,8.748525
2014-05-12,9.236815,9.208331,8.996739,8.781077
2014-05-13,9.354818,9.289713,9.155433,9.139157
2014-05-14,9.350749,9.25716,9.277505,9.240884
2014-05-15,9.338542,9.171709,9.25716,9.163571
2014-05-16,9.192055,9.074051,9.147295,8.777008
2014-05-19,9.163571,9.069982,9.074051,8.911288
2014-05-20,9.47689,9.277505,9.098466,9.098466
2014-05-21,9.440269,9.338542,9.277505,9.16764
2014-05-22,9.676275,9.379232,9.350749,9.350749
2014-05-23,9.643723,9.603032,9.399578,9.371094
2014-05-26,9.802417,9.643723,9.590825,9.590825
2014-05-27,9.643723,9.399578,9.61117,9.354818
2014-05-28,9.741381,9.721035,9.419923,9.419923
2014-05-29,9.761726,9.664068,9.74545,9.562341
2014-05-30,9.761726,9.761726,9.680344,9.558272
2014-06-03,9.900075,9.810555,9.769864,9.692552
2014-06-04,10.066907,9.940766,9.810555,9.708828
2014-06-05,10.262223,10.197118,9.916351,9.916351
2014-06-06,10.250016,10.0547,10.193049,10.00994
2014-06-09,10.245947,10.22967,10.0547,9.993664
2014-06-10,10.270361,10.091322,10.213394,9.879729
2014-06-11,10.14422,9.912282,10.087252,9.883798
2014-06-12,10.123874,9.977387,9.916351,9.908213
2014-06-13,10.107598,9.932627,9.989595,9.908213
2014-06-16,10.058769,10.034354,9.92042,9.908213
2014-06-17,10.083183,9.891937,10.026216,9.847177
2014-06-18,9.912282,9.810555,9.891937,9.692552
2014-06-19,9.96518,9.619308,9.765795,9.513512
2014-06-20,9.839039,9.765795,9.725104,9.570479
2014-06-23,10.062838,10.005871,9.867522,9.778002
2014-06-24,10.213394,10.168634,10.005871,9.969249
2014-06-25,10.237809,10.168634,10.168634,10.070976
2014-06-26,10.237809,10.132012,10.213394,10.111667
2014-06-27,11.076039,10.811549,10.091322,10.091322
2014-06-30,10.844102,10.815618,10.734236,10.547059
2014-07-01,10.905138,10.823756,10.754582,10.599957
2014-07-02,11.255079,11.112661,10.823756,10.705753
2014-07-03,11.291701,11.059763,11.230664,10.876654
2014-07-04,11.149283,10.795273,10.986519,10.693546
2014-07-07,10.791204,10.693546,10.791204,10.538921
2014-07-08,10.844102,10.730167,10.734236,10.591819
2014-07-09,10.844102,10.416848,10.742375,10.331397
2014-07-10,10.620302,10.49823,10.465677,10.416848
2014-07-11,10.689477,10.514506,10.526713,10.457539
2014-07-14,10.730167,10.660993,10.538921,10.461608
2014-07-15,10.823756,10.681338,10.669131,10.604026
2014-07-16,10.795273,10.473815,10.705753,10.416848
2014-07-17,10.551128,10.18491,10.457539,10.001802
2014-07-18,10.343605,10.18491,10.172703,10.034354
2014-07-21,10.241878,10.127943,10.18491,10.022147
2014-07-22,10.278499,10.258154,10.079114,10.066907
2014-07-23,10.286637,9.8309,10.254085,9.773933
2014-07-24,9.87566,9.635584,9.87566,9.350749
2014-07-25,9.818693,9.753588,9.639654,9.590825
2014-07-28,10.111667,10.038424,9.769864,9.721035
2014-07-29,10.372088,10.217463,10.160496,10.091322
2014-07-30,10.270361,10.217463,10.213394,10.070976
2014-07-31,10.286637,10.176772,10.217463,10.136081
2014-08-01,10.262223,10.201187,10.176772,10.083183
2014-08-04,10.250016,10.164565,10.201187,10.038424
2014-08-05,10.335466,10.241878,10.205256,10.042493
2014-08-06,10.579611,10.559266,10.241878,10.213394
2014-08-07,10.701684,10.445332,10.514506,10.445332
2014-08-08,10.551128,10.424986,10.445332,10.376157
2014-08-11,10.660993,10.660993,10.441263,10.384295
2014-08-12,10.71796,10.648786,10.685407,10.567404
2014-08-13,10.713891,10.591819,10.665062,10.530782
2014-08-14,10.685407,10.526713,10.547059,10.506368
2014-08-15,10.534851,10.400572,10.522644,10.335466
2014-08-18,10.579611,10.579611,10.40871,10.335466
2014-08-19,10.876654,10.693546,10.58368,10.58368
2014-08-20,10.689477,10.416848,10.660993,10.351743
2014-08-21,10.722029,10.579611,10.416848,10.380226
2014-08-22,10.98245,10.815618,10.685407,10.685407
2014-08-25,10.905138,10.815618,10.815618,10.665062
2014-08-26,10.856309,10.477884,10.783065,10.437193
2014-08-27,10.555197,10.355812,10.481953,10.335466
2014-08-28,10.355812,10.079114,10.355812,10.0547
2014-08-29,10.290707,10.091322,10.083183,10.014009
2014-09-01,10.262223,10.152358,10.164565,10.111667
2014-09-02,10.45347,10.372088,10.217463,10.217463
2014-09-03,10.579611,10.579611,10.376157,10.290707
2014-09-04,10.599957,10.571473,10.579611,10.486022
2014-09-05,10.591819,10.465677,10.591819,10.388365
2014-09-09,10.486022,10.278499,10.420917,10.132012
2014-09-10,10.477884,10.424986,10.298845,10.266292
2014-09-11,10.734236,10.595888,10.429055,10.40871
2014-09-12,10.76272,10.722029,10.571473,10.530782
2014-09-15,10.791204,10.701684,10.726098,10.547059
2014-09-16,10.734236,10.18491,10.705753,10.14422
2014-09-17,10.449401,10.40871,10.18491,10.062838
2014-09-18,10.396503,10.380226,10.388365,10.258154
2014-09-19,10.465677,10.457539,10.380226,10.327328
2014-09-22,10.575542,10.547059,10.461608,10.306983
2014-09-23,10.823756,10.750513,10.538921,10.494161
2014-09-24,11.051625,10.905138,10.750513,10.6732
2014-09-25,10.986519,10.848171,10.909207,10.746444
2014-09-26,10.909207,10.803411,10.856309,10.681338
2014-09-29,11.039418,10.85224,10.742375,10.742375
2014-09-30,11.043487,10.864447,10.823756,10.815618
2014-10-08,10.929552,10.656924,10.925483,10.457539
2014-10-09,10.770858,10.449401,10.62844,10.372088
2014-10-10,10.571473,10.372088,10.433124,10.359881
2014-10-13,10.380226,10.148289,10.376157,10.091322
2014-10-14,10.31919,10.201187,10.225601,10.123874
2014-10-15,10.652855,10.604026,10.254085,10.201187
2014-10-16,10.620302,10.233739,10.608095,10.201187
2014-10-17,10.27443,10.083183,10.233739,9.969249
2014-10-20,10.355812,10.250016,10.115736,10.115736
2014-10-21,10.331397,10.294776,10.245947,10.180841
2014-10-22,10.331397,10.0547,10.31919,10.050631
2014-10-23,10.111667,9.973318,10.050631,9.916351
2014-10-24,10.433124,10.368019,9.969249,9.969249
2014-10-27,10.974312,10.648786,10.368019,10.225601
2014-10-28,11.263217,11.165559,10.648786,10.640648
2014-10-29,11.149283,11.059763,11.112661,10.93769
2014-10-30,11.389359,11.279493,11.051625,11.031279
2014-10-31,11.275424,10.783065,11.275424,10.656924
2014-11-03,11.120799,10.905138,10.742375,10.705753
2014-11-04,11.019072,10.774927,10.856309,10.685407
2014-11-05,10.840033,10.534851,10.774927,10.486022
2014-11-06,10.685407,10.652855,10.45347,10.388365
2014-11-07,11.051625,10.978381,10.677269,10.608095
2014-11-10,11.035348,10.876654,10.978381,10.624371
2014-11-11,10.880723,10.685407,10.880723,10.376157
2014-11-12,10.742375,10.705753,10.660993,10.54299
2014-11-13,10.799342,10.343605,10.742375,10.172703
2014-11-14,10.563335,10.457539,10.262223,10.262223
2014-11-17,10.823756,10.713891,10.416848,10.416848
2014-11-18,10.93769,10.80748,10.701684,10.665062
2014-11-19,10.945829,10.945829,10.787134,10.730167
2014-11-20,10.986519,10.80748,10.892931,10.742375
2014-11-21,10.905138,10.758651,10.76272,10.726098
2014-11-24,10.929552,10.616233,10.856309,10.599957
2014-11-25,10.746444,10.620302,10.616233,10.538921
2014-11-26,10.734236,10.644717,10.660993,10.372088
2014-11-27,10.640648,10.429055,10.58368,10.339536
2014-11-28,10.58368,10.376157,10.424986,10.331397
2014-12-01,10.45347,10.376157,10.36395,10.278499
2014-12-02,10.571473,10.412779,10.376157,10.339536
2014-12-03,10.518575,10.494161,10.416848,10.140151
2014-12-04,10.98245,10.93769,10.494161,10.441263
2014-12-05,10.98245,10.93769,10.494161,10.441263
2014-12-08,10.98245,10.93769,10.494161,10.441263
2014-12-09,11.189974,10.323259,10.93769,10.18491
2014-12-10,11.214388,11.084177,10.335466,10.335466
2014-12-11,11.267286,11.092316,11.214388,10.864447
2014-12-12,11.792198,11.723023,11.133006,10.986519
2014-12-15,12.53277,12.296764,11.698609,11.596882
2014-12-16,12.418836,12.337454,12.227589,12.129931
2014-12-17,12.573461,12.22352,12.284556,12.032273
2014-12-18,12.329316,12.256073,12.146208,12.105517
2014-12-19,12.329316,12.256073,12.146208,12.105517
2014-12-22,12.329316,12.256073,12.146208,12.105517
2014-12-23,12.329316,12.256073,12.146208,12.105517
2014-12-24,12.329316,12.256073,12.146208,12.105517
2014-12-25,12.329316,12.256073,12.146208,12.105517
2014-12-26,12.329316,12.256073,12.146208,12.105517
2014-12-29,12.329316,12.256073,12.146208,12.105517
2014-12-30,12.329316,12.256073,12.146208,12.105517
2014-12-31,12.329316,12.256073,12.146208,12.105517
2015-01-05,12.329316,12.256073,12.146208,12.105517
2015-01-06,12.329316,12.256073,12.146208,12.105517
2015-01-07,12.329316,12.256073,12.146208,12.105517
2015-01-08,12.329316,12.256073,12.146208,12.105517
2015-01-09,12.329316,12.256073,12.146208,12.105517
2015-01-12,12.329316,12.256073,12.146208,12.105517
2015-01-13,12.329316,12.256073,12.146208,12.105517
2015-01-14,12.329316,12.256073,12.146208,12.105517
2015-01-15,12.329316,12.256073,12.146208,12.105517
2015-01-16,12.329316,12.256073,12.146208,12.105517
2015-01-19,12.329316,12.256073,12.146208,12.105517
2015-01-20,12.329316,12.256073,12.146208,12.105517
2015-01-21,12.329316,12.256073,12.146208,12.105517
2015-01-22,12.329316,12.256073,12.146208,12.105517
2015-01-23,12.329316,12.256073,12.146208,12.105517
2015-01-26,12.329316,12.256073,12.146208,12.105517
2015-01-27,12.329316,12.256073,12.146208,12.105517
2015-01-28,12.329316,12.256073,12.146208,12.105517
2015-01-29,12.329316,12.256073,12.146208,12.105517
2015-01-30,12.329316,12.256073,12.146208,12.105517
2015-02-02,12.329316,12.256073,12.146208,12.105517
2015-02-03,12.329316,12.256073,12.146208,12.105517
2015-02-04,12.329316,12.256073,12.146208,12.105517
2015-02-05,12.329316,12.256073,12.146208,12.105517
2015-02-06,12.329316,12.256073,12.146208,12.105517
2015-02-09,12.329316,12.256073,12.146208,12.105517
2015-02-10,12.329316,12.256073,12.146208,12.105517
2015-02-11,12.329316,12.256073,12.146208,12.105517
2015-02-12,12.329316,12.256073,12.146208,12.105517
2015-02-13,12.329316,12.256073,12.146208,12.105517
2015-02-16,12.329316,12.256073,12.146208,12.105517
2015-02-17,12.329316,12.256073,12.146208,12.105517
2015-02-25,12.329316,12.256073,12.146208,12.105517
2015-02-26,12.329316,12.256073,12.146208,12.105517
2015-02-27,12.329316,12.256073,12.146208,12.105517
2015-03-02,12.329316,12.256073,12.146208,12.105517
2015-03-03,12.329316,12.256073,12.146208,12.105517
2015-03-04,12.329316,12.256073,12.146208,12.105517
2015-03-05,12.329316,12.256073,12.146208,12.105517
2015-03-06,12.329316,12.256073,12.146208,12.105517
2015-03-09,12.329316,12.256073,12.146208,12.105517
2015-03-10,12.329316,12.256073,12.146208,12.105517
2015-03-11,12.329316,12.256073,12.146208,12.105517
2015-03-12,12.329316,12.256073,12.146208,12.105517
2015-03-13,12.329316,12.256073,12.146208,12.105517
2015-03-16,12.329316,12.256073,12.146208,12.105517
2015-03-17,12.329316,12.256073,12.146208,12.105517
2015-03-18,13.702323,13.702323,13.702323,13.702323
2015-03-19,15.071314,15.071314,15.071314,15.071314
2015-03-20,16.576791,16.576791,16.576791,16.576791
2015-03-23,18.235298,18.235298,18.235298,18.235298
2015-03-24,20.059241,20.059241,20.059241,20.059241
2015-03-25,22.065165,22.065165,22.065165,22.065165
2015-03-26,24.273749,24.273749,24.273749,24.273749
2015-03-27,25.229148,24.319245,24.401963,22.954389
2015-03-30,24.443322,21.88732,24.410235,21.88732
2015-03-31,24.075225,23.798118,22.193379,22.189243
2015-04-01,24.091769,23.69472,23.297671,22.536661
2015-04-02,26.064605,25.642741,23.380389,22.809632
2015-04-03,26.271402,25.080255,25.03476,24.67907
2015-04-07,24.939633,24.401963,24.877595,23.868429
2015-04-08,25.849537,24.157943,25.849537,23.992506
2015-04-09,23.988371,23.152913,23.988371,21.788058
2015-04-10,23.905652,23.169457,23.367982,22.747593
2015-04-13,24.236526,23.041243,23.037108,22.797224
2015-04-14,25.344954,24.815556,23.078467,22.788952
2015-04-15,25.105071,22.334,24.637711,22.334
2015-04-16,24.100041,23.157049,21.961767,21.713611
2015-04-17,23.285263,22.271961,23.161185,22.065165
2015-04-20,21.920408,21.051863,21.920408,20.845067
2015-04-21,22.615243,22.491165,20.907106,20.907106
2015-04-22,23.558234,23.318351,22.747593,22.540796
2015-04-23,23.367982,23.173593,23.119826,22.623515
2015-04-24,24.319245,24.137264,22.830311,22.677282
2015-04-27,26.552645,26.552645,25.560022,24.650119
2015-04-28,27.057228,24.608759,26.068741,23.89738
2015-04-29,27.069635,27.069635,24.815556,23.988371
2015-04-30,29.778667,29.774531,27.131674,27.131674
2015-05-04,31.226241,28.872899,28.910122,27.69416
2015-05-05,29.61323,27.570082,28.94321,27.425325
2015-05-06,30.328745,28.744685,27.586626,27.586626
2015-05-07,29.939968,28.951482,28.372452,28.025034
2015-05-08,30.535541,29.708356,29.729036,28.078801
2015-05-11,31.84663,31.577795,28.992841,28.806724
2015-05-12,32.524922,31.184882,31.433037,30.142628
2015-05-13,31.383406,29.840706,29.778667,29.489152
2015-05-14,29.820026,28.661967,29.36921,26.883519
2015-05-15,29.489152,29.282356,27.710704,27.586626
2015-05-18,30.341153,29.050744,29.716628,28.777773
2015-05-19,31.954164,31.954164,29.435385,28.219423
2015-05-20,33.914593,31.916941,31.954164,31.445445
2015-05-21,32.467019,31.887989,31.515756,31.114571
2015-05-22,32.624184,30.192259,31.84663,29.778667
2015-05-25,29.61323,28.947346,29.282356,28.111889
2015-05-26,30.969814,30.564493,28.951482,28.839812
2015-05-27,33.585718,33.117407,30.668103,29.839236
2015-05-28,35.641309,32.740273,33.113263,32.035735
2015-05-29,36.0143,36.0143,32.914335,31.385074
2015-06-01,39.61573,39.611585,37.589148,36.006011
2015-06-02,40.564783,39.404368,39.653029,38.127912
2015-06-03,39.118409,38.086469,39.039667,36.055743
2015-06-04,38.127912,35.50869,37.713478,34.277822
2015-06-05,38.542346,36.055743,36.088898,35.446525
2015-06-08,35.434092,34.522338,35.363639,32.657386
2015-06-09,35.347061,33.962852,34.025017,33.154706
2015-06-10,35.475536,34.990648,33.859244,33.361923
2015-06-11,35.757351,34.112048,35.695186,33.739058
2015-06-12,34.969927,34.439451,34.398008,33.07182
2015-06-15,34.812442,32.731984,34.770998,31.869961
2015-06-16,32.338272,30.378,32.338272,29.926267
2015-06-17,32.238808,31.691755,30.547918,29.756349
2015-06-18,32.238808,31.691755,30.547918,29.756349
2015-06-19,32.238808,31.691755,30.547918,29.756349
2015-06-23,32.238808,31.691755,30.547918,29.756349
2015-06-24,32.238808,31.691755,30.547918,29.756349
2015-06-25,32.238808,31.691755,30.547918,29.756349
2015-06-26,32.238808,31.691755,30.547918,29.756349
2015-06-29,32.238808,31.691755,30.547918,29.756349
2015-06-30,32.238808,31.691755,30.547918,29.756349
2015-07-01,32.238808,31.691755,30.547918,29.756349
2015-07-02,32.238808,31.691755,30.547918,29.756349
2015-07-03,32.238808,31.691755,30.547918,29.756349
2015-07-06,32.238808,31.691755,30.547918,29.756349
2015-07-07,32.238808,31.691755,30.547918,29.756349
2015-07-08,32.238808,31.691755,30.547918,29.756349
2015-07-09,32.238808,31.691755,30.547918,29.756349
2015-07-10,32.238808,31.691755,30.547918,29.756349
2015-07-13,32.238808,31.691755,30.547918,29.756349
2015-07-14,32.238808,31.691755,30.547918,29.756349
2015-07-15,32.238808,31.691755,30.547918,29.756349
2015-07-16,32.238808,31.691755,30.547918,29.756349
2015-07-17,32.238808,31.691755,30.547918,29.756349
2015-07-20,28.521336,28.521336,28.521336,28.521336
2015-07-21,28.127624,26.316548,25.670031,25.670031
2015-07-22,27.601293,26.992075,25.699042,25.491825
2015-07-23,27.970139,27.145416,27.344344,26.482322
2015-07-24,28.886038,27.55985,27.228303,27.021086
2015-07-27,29.27975,24.803865,27.55985,24.803865
2015-07-28,25.284608,24.173925,24.306544,22.379427
2015-07-29,25.276319,24.986216,24.812153,22.29654
2015-07-30,26.316548,23.912832,25.280464,23.83409
2015-07-31,24.248523,23.999863,23.432089,23.432089
2015-08-03,23.697326,23.693182,23.23316,22.586644
2015-08-04,25.545701,25.545701,23.602007,23.589574
2015-08-05,26.424301,26.316548,25.591289,25.280464
2015-08-06,27.601293,26.730982,26.867745,26.349703
2015-08-07,27.311189,27.021086,26.896756,25.765351
2015-08-10,28.1815,27.849953,27.261457,26.938199
2015-08-11,28.997935,27.767067,27.849953,27.186859
2015-08-12,26.92991,25.027659,26.917477,25.023515
2015-08-13,25.566423,25.023515,24.45574,24.443307
2015-08-14,26.109331,25.48768,25.483536,25.36335
2015-08-17,25.694897,24.791432,25.694897,24.281678
2015-08-18,25.404794,22.503757,24.932339,22.313117
2015-08-19,22.876747,22.292396,22.234375,20.327979
2015-08-20,22.885036,21.964993,22.089323,21.550559
2015-08-21,21.832374,19.818226,21.550559,19.797504
2015-08-24,19.063956,17.837232,18.732409,17.837232
2015-08-25,16.9089,16.055167,16.080033,16.055167
2015-08-26,16.701683,15.126835,16.121476,14.683391
2015-08-27,16.639518,16.639518,15.541269,15.541269
2015-08-28,18.305542,18.305542,16.991787,16.991787
2015-08-31,18.554203,17.497396,18.235088,17.302612
2015-09-01,17.158223,15.751648,16.928782,15.751648
2015-09-02,17.32781,17.32781,14.963567,14.574514
2015-09-07,18.534871,18.056037,17.736814,17.457494
2015-09-08,19.861641,19.861641,17.706887,17.567227
2015-09-09,21.138532,20.500086,20.220766,19.881592
2015-09-10,21.11858,20.300572,19.891568,19.751908
2015-09-11,20.76943,20.031228,20.170888,19.213219
2015-09-14,20.889139,18.175746,19.941446,18.02611
2015-09-15,19.622224,18.674531,17.856523,17.32781
2015-09-16,20.539989,20.520038,18.754337,18.714434
2015-09-17,21.946564,20.350451,20.849236,20.350451
2015-09-18,21.278192,20.83926,20.749479,20.190839
2015-09-21,22.924184,22.924184,20.749479,20.549965
2015-09-22,23.393042,22.395471,23.243407,22.176006
2015-09-23,23.013965,22.23586,21.946564,21.67722
2015-09-24,23.343164,22.7945,22.44535,22.425398
2015-09-25,22.734645,21.288167,22.734645,21.008847
2015-09-28,23.133674,22.7945,21.288167,21.288167
2015-09-29,23.931731,22.844378,22.395471,22.30569
2015-09-30,23.393042,22.525156,22.834403,22.106176
2015-10-08,23.821998,23.393042,23.602532,22.844378
2015-10-09,23.542678,23.21348,23.313237,22.744621
2015-10-12,24.340735,24.131245,23.21348,23.083795
2015-10-13,24.041464,23.802047,23.891828,23.303261
2015-10-14,23.612508,22.894257,23.263358,22.844378
2015-10-15,24.839521,24.500346,23.313237,23.043893
2015-10-16,26.325901,25.04901,24.789642,24.749739
2015-10-19,25.338306,24.360686,25.11884,24.041464
2015-10-20,25.318355,24.929302,24.151196,24.011537
2015-10-21,24.939278,22.44535,24.929302,22.435374
2015-10-22,23.732217,23.662387,22.44535,22.44535
2015-10-23,24.440492,24.330759,23.652411,23.273334
2015-10-26,24.699861,24.580152,24.460444,23.841949
2015-10-27,24.709836,24.240978,24.141221,23.063844
2015-10-28,25.128816,24.041464,24.211051,23.652411
2015-10-29,24.240978,23.732217,23.891828,23.243407
2015-10-30,24.420541,23.821998,23.841949,23.193528
2015-11-02,24.530273,23.732217,23.193528,22.954111
2015-11-03,23.941707,22.764573,23.632459,22.565058
2015-11-04,24.141221,24.071391,22.7945,22.7945
2015-11-05,26.475537,26.475537,24.141221,23.941707
2015-11-06,29.119101,29.119101,26.475537,26.345853
2015-11-09,32.022032,30.176526,28.610339,28.390874
2015-11-10,32.490891,31.543198,30.266307,29.498178
2015-11-11,32.041984,31.473368,30.924704,30.44587
2015-11-12,31.902324,30.65536,31.902324,29.617886
2015-11-13,30.575554,28.829805,29.907182,28.520558
2015-11-16,30.575554,28.829805,29.907182,28.520558
2015-11-17,30.575554,28.829805,29.907182,28.520558
2015-11-18,31.523247,30.635409,30.924704,29.727619
2015-11-19,32.480915,32.171668,30.286259,29.627862
2015-11-20,32.40111,31.593077,32.181644,31.054389
2015-11-23,32.40111,31.593077,32.181644,31.054389
2015-11-24,32.40111,31.593077,32.181644,31.054389
2015-11-25,32.40111,31.593077,32.181644,31.054389
2015-11-26,33.478486,30.974583,32.899895,30.924704
2015-11-27,30.775069,29.228833,30.525676,28.610339
2015-11-30,29.727619,28.490631,29.727619,26.944396
2015-12-01,29.388445,28.929562,28.460704,27.931991
2015-12-02,28.919586,27.732477,28.730048,26.93442
2015-12-03,29.258761,28.929562,28.041724,27.662647
2015-12-04,29.528105,28.720072,28.819829,28.500606
2015-12-07,31.323733,30.565579,28.450728,28.370922
2015-12-08,30.615457,29.877255,30.615457,29.53808
2015-12-09,30.046842,29.228833,29.717643,28.929562
2015-12-10,30.176526,29.867279,29.109125,28.749999
2015-12-11,30.076769,28.919586,29.627862,28.530534
2015-12-14,29.009368,28.879684,28.131505,27.532963
2015-12-15,30.545627,29.917157,29.079198,29.029319
2015-12-16,30.525676,29.74757,30.02689,29.637838
2015-12-17,32.291377,30.924704,30.02689,30.02689
2015-12-18,32.919846,31.822518,31.273854,30.79502
2015-12-21,32.032008,31.523247,31.682858,31.273854
2015-12-22,31.832494,31.323733,31.323733,30.72519
2015-12-23,31.523247,30.924704,31.333708,30.72519
2015-12-24,31.104267,30.924704,30.425919,29.88723
2015-12-25,32.221547,31.024461,30.914729,30.695263
2015-12-28,31.303781,30.09672,31.303781,30.09672
2015-12-29,30.904753,29.917157,30.126647,29.328591
2015-12-30,30.116672,29.388445,29.907182,29.119101
2015-12-31,29.777498,28.231262,29.39842,28.211311
2016-01-04,27.830037,25.727981,27.790562,25.658899
2016-01-05,26.349716,24.57333,24.691756,23.58645
2016-01-06,25.550342,25.303622,24.770707,24.672018
2016-01-07,24.770707,22.787076,24.672018,22.777207
2016-01-08,24.918739,24.089759,22.747601,22.619306
2016-01-11,25.116115,23.389073,23.517368,23.241041
2016-01-12,24.918739,24.523986,23.783826,23.300254
2016-01-13,25.64903,23.902251,24.770707,23.675269
2016-01-14,25.461523,25.175328,22.747601,22.747601
2016-01-15,25.73785,24.918739,24.711494,24.57333
2016-01-18,26.122733,25.708243,24.57333,24.356217
2016-01-19,26.408929,25.905619,25.461523,25.135852
2016-01-20,26.014176,25.23454,25.806931,24.57333
2016-01-21,25.15559,23.487762,24.593068,23.349598
2016-01-22,24.070021,23.675269,23.685138,22.698257
2016-01-25,24.770707,23.862776,23.882514,23.685138
2016-01-26,24.356217,21.662032,23.882514,21.612688
2016-01-27,22.155473,22.046916,21.662032,19.915253
2016-01-28,22.717995,21.514,21.405443,21.069904
2016-01-29,23.08314,22.796945,21.810064,21.533738
2016-02-01,24.672018,24.15884,22.777207,22.500881
2016-02-02,25.639162,25.214803,24.168709,23.981202
2016-02-03,25.461523,25.165459,24.672018,24.474642
2016-02-04,27.612923,26.635911,25.195065,25.195065
2016-02-05,26.941844,26.300372,26.428666,26.102996
2016-02-15,27.326728,26.626042,25.708243,25.32336
2016-02-16,27.38594,26.497748,26.991188,26.31024
2016-02-17,26.448404,26.438535,26.448404,25.767456
2016-02-18,26.616173,25.856275,26.596436,25.135852
2016-02-19,25.747718,25.412179,25.609555,25.165459
2016-02-22,25.935226,25.806931,25.836538,25.185196
2016-02-23,26.843156,26.596436,25.806931,25.560211
2016-02-24,26.793812,26.004307,26.280634,25.362835
2016-02-25,25.8168,23.408811,25.658899,23.408811
2016-02-26,23.783826,22.491012,23.290385,21.92849
2016-02-29,23.695007,22.00744,22.500881,21.217936
2016-03-01,23.645662,23.487762,21.987703,21.898884
2016-03-02,24.464773,24.366085,23.477893,23.398942
2016-03-03,26.497748,25.185196,26.497748,24.977951
2016-03-04,25.688506,23.773957,25.116115,23.49763
2016-03-07,24.859526,23.882514,24.030546,23.389073
2016-03-08,25.264147,25.244409,23.695007,22.303505
2016-03-09,25.8168,24.849657,24.66215,24.227922
2016-03-10,25.40231,24.050284,24.691756,23.981202
2016-03-11,24.553593,23.961464,23.685138,23.546974
2016-03-14,25.935226,25.57008,24.553593,24.504249
2016-03-15,26.47801,25.826669,25.254278,25.254278
2016-03-16,26.15234,25.264147,25.826669,24.997689
2016-03-17,27.612923,27.425416,25.372704,25.372704
2016-03-18,28.372821,27.997807,27.445153,27.13922
2016-03-21,28.372821,27.88925,28.205051,27.356334
2016-03-22,28.047151,27.731349,27.632661,27.297121
2016-03-23,28.343215,27.741218,27.464891,27.326728
2016-03-24,27.612923,26.882631,27.336596,26.714862
2016-03-25,27.563579,26.991188,26.902369,26.359584
2016-03-28,27.731349,27.001057,27.099745,26.922107
2016-03-29,28.047151,26.64578,26.941844,26.64578
2016-03-30,27.711611,27.435284,26.991188,26.744468
2016-03-31,29.487996,28.87613,27.879381,27.849774
2016-04-01,29.162326,28.816918,28.816918,27.652398
2016-04-05,29.389308,29.280751,28.787311,28.333346
2016-04-06,29.21167,28.441903,29.21167,28.126101
2016-04-07,28.590296,27.393263,28.491368,27.353692
2016-04-08,27.897798,27.848333,27.205299,26.839264
2016-04-11,28.98601,28.105547,28.006619,27.610905
2016-04-12,27.887905,27.432834,27.838441,27.037121
2016-04-13,28.342975,27.709834,27.601013,27.601013
2016-04-14,29.183866,28.441904,28.669439,28.006619
2016-04-15,28.11544,27.749405,28.04619,27.45262
2016-04-18,28.98601,28.728796,28.056083,27.670262
2016-04-19,28.877188,28.402332,28.788153,27.798869
2016-04-20,28.372654,26.977764,28.372654,25.978587
2016-04-21,27.274549,26.117087,26.394087,26.018159
2016-04-22,26.6513,26.562265,26.067623,25.879659
2016-04-25,26.502908,26.305051,26.26548,25.622445
2016-04-26,26.502908,26.305051,26.26548,25.622445
2016-04-27,27.610905,26.760121,26.908514,26.611729
2016-04-28,27.086585,26.938193,26.740336,26.512801
2016-04-29,27.413049,27.007442,26.7898,26.760121
2016-05-03,27.581227,27.511977,27.294335,26.740336
2016-05-04,27.798869,27.403156,27.393263,27.324013
2016-05-05,27.699941,27.630691,27.492191,27.215192
2016-05-06,27.779084,26.245694,27.630691,26.235801
2016-05-09,26.26548,25.32566,25.820302,25.127804
2016-05-10,26.107194,25.869766,25.414696,25.414696
2016-05-11,26.097301,25.563088,25.790624,25.335553
2016-05-12,25.483946,25.246518,25.345446,24.831018
2016-05-13,25.760945,25.226732,25.246518,24.850804
2016-05-16,25.60266,25.474053,25.028875,24.929947
2016-05-17,25.721374,25.483946,25.276196,25.108018
2016-05-18,25.32566,24.554019,25.32566,24.514448
2016-05-19,25.286089,24.781554,24.929947,24.652947
2016-05-20,24.831018,24.781554,24.474876,24.316591
2016-05-23,25.474053,25.355339,24.850804,24.850804
2016-05-24,25.236625,24.959625,25.177268,24.811233
2016-05-25,25.474053,24.771661,25.197053,24.623269
2016-05-26,24.761769,24.563912,24.643055,23.742806
2016-05-27,24.682626,24.356162,24.237448,24.148413
2016-05-30,24.316591,23.821949,24.316591,23.782378
2016-05-31,24.831018,24.821126,23.821949,23.812056
2016-06-01,25.177268,24.761769,24.811233,24.652947
2016-06-02,24.880483,24.860697,24.633162,24.484769
2016-06-03,25.701588,25.424589,24.791447,24.712304
2016-06-06,25.622445,24.979411,25.60266,24.900268
2016-06-07,25.177268,24.959625,24.949732,24.771661
2016-06-08,25.028875,24.59359,25.028875,24.375948
2016-06-13,24.306698,23.446021,24.108841,23.446021
2016-06-14,23.742806,23.376772,23.248165,23.248165
2016-06-15,24.178091,23.742806,23.188808,23.079986
2016-06-16,23.881306,23.26795,23.643878,23.248165
2016-06-17,23.980235,23.554843,23.416343,23.416343
2016-06-20,23.693342,23.366879,23.574628,23.099772
2016-06-21,23.693342,23.366879,23.574628,23.099772
2016-06-22,24.296805,24.06927,23.742806,23.742806
2016-06-23,24.089056,23.812056,23.940663,23.693342
2016-06-24,24.217663,23.86152,23.86152,22.95138
2016-06-27,24.316591,24.237448,23.653771,23.594414
2016-06-28,25.276196,24.989304,24.039592,23.960449
2016-06-29,25.216839,24.811233,24.900268,24.672733
2016-06-30,24.900268,24.643055,24.702412,24.534233
2016-07-01,25.375124,24.811233,24.652947,24.652947
2016-07-04,24.929947,24.840911,24.652947,24.544126
2016-07-05,24.900268,24.554019,24.880483,24.534233
2016-07-06,24.712304,24.257234,24.563912,24.217663
2016-07-07,24.702412,24.366055,24.257234,24.059377
2016-07-08,24.524341,24.009913,24.524341,23.970342
2016-07-11,24.217663,23.970342,24.039592,23.782378
2016-07-12,24.267127,24.20777,23.940663,23.653771
2016-07-13,25.206946,24.890375,24.27702,24.049484
2016-07-14,25.068446,24.128627,24.929947,23.980235
2016-07-15,24.27702,23.940663,24.168198,23.742806
2016-07-18,24.029699,23.821949,23.802163,23.465807
2016-07-19,23.901092,23.841735,23.693342,23.624092
2016-07-20,24.13852,23.950556,23.920878,23.841735
2016-07-21,24.019806,23.752699,23.841735,23.643878
2016-07-22,23.821949,23.574628,23.772485,23.54495
2016-07-25,23.881306,23.564735,23.54495,23.446021
2016-07-26,23.792271,23.742806,23.564735,23.564735
2016-07-27,23.821949,22.852451,23.792271,22.28856
2016-07-28,22.95138,22.634809,22.852451,22.407274
2016-07-29,22.941487,22.634809,22.476523,22.466631
2016-08-01,23.089879,23.079986,22.53588,22.061024
2016-08-02,23.218486,23.079986,22.95138,22.802987
2016-08-03,23.010737,22.872237,22.901915,22.704059
2016-08-04,23.030522,22.892023,22.852451,22.723844
2016-08-05,23.000844,22.634809,23.000844,22.624916
2016-08-08,22.832666,22.74363,22.53588,22.169846
2016-08-09,23.109665,22.95138,22.684273,22.664487
2016-08-10,23.1987,22.852451,23.050308,22.842558
2016-08-11,23.624092,23.129451,22.901915,22.822773
2016-08-12,23.54495,23.366879,23.119558,22.981058
2016-08-15,23.950556,23.910985,23.366879,23.159129
2016-08-16,24.079163,24.019806,24.009913,23.821949
2016-08-17,23.990127,23.703235,23.940663,23.653771
2016-08-18,23.871413,23.723021,23.653771,23.505378
2016-08-19,23.940663,23.742806,23.633985,23.465807
2016-08-22,24.089056,23.901092,23.762592,23.594414
2016-08-23,23.940663,23.732914,23.901092,23.633985
2016-08-24,24.079163,24.019806,23.762592,23.643878
2016-08-25,23.93077,23.604307,23.920878,23.248165
2016-08-26,23.86152,23.604307,23.594414,23.446021
2016-08-29,24.029699,23.752699,23.604307,23.594414
2016-08-30,23.901092,23.54495,23.713128,23.446021
2016-08-31,23.713128,23.663664,23.54495,23.465807
2016-09-01,24.118734,23.762592,23.732914,23.633985
2016-09-02,24.019806,23.574628,23.812056,23.446021
2016-09-05,23.831842,23.525164,23.732914,23.495486
2016-09-06,23.792271,23.752699,23.54495,22.95138
2016-09-07,23.940663,23.703235,23.841735,23.584521
2016-09-08,23.831842,23.673557,23.742806,23.525164
2016-09-09,23.93077,23.86152,23.732914,23.564735
2016-09-12,24.623269,24.148413,23.643878,23.436129
2016-09-13,24.929947,24.415519,24.20777,24.039592
2016-09-14,24.672733,24.267127,24.27702,24.178091
2016-09-19,24.80134,24.534233,24.534233,24.13852
2016-09-20,24.910161,24.80134,24.534233,24.395734
2016-09-21,25.375124,25.25641,24.811233,24.73209
2016-09-22,25.513624,24.969518,25.345446,24.93984
2016-09-23,25.078339,24.583698,24.929947,24.534233
2016-09-26,24.831018,24.089056,24.435305,23.990127
2016-09-27,24.573805,24.356162,24.20777,24.019806
2016-09-28,24.514448,24.316591,24.405626,24.128627
2016-09-29,24.415519,23.980235,24.247341,23.960449
2016-09-30,24.247341,24.237448,24.029699,23.970342
2016-10-10,24.831018,24.811233,24.73209,24.336377
2016-10-11,25.493838,25.137696,25.127804,24.949732
2016-10-12,25.335553,24.959625,25.108018,24.761769
2016-10-13,25.365232,25.236625,25.009089,24.771661
2016-10-14,25.157482,24.929947,25.157482,24.771661
2016-10-17,25.108018,24.415519,24.831018,24.415519
2016-10-18,24.781554,24.66284,24.484769,24.296805
2016-10-19,24.741983,24.504555,24.672733,24.336377
2016-10-20,24.544126,24.286912,24.504555,24.237448
2016-10-21,24.385841,24.267127,24.286912,23.881306
2016-10-24,24.603483,24.435305,24.178091,24.168198
2016-10-25,24.484769,24.237448,24.435305,24.168198
2016-10-26,24.395734,24.187984,24.366055,23.970342
2016-10-27,24.286912,24.237448,24.13852,24.089056
2016-10-28,24.504555,24.356162,24.187984,24.13852
2016-10-31,24.494662,24.385841,24.326484,23.970342
2016-11-01,24.435305,24.237448,24.385841,24.019806
2016-11-02,24.237448,24.089056,24.098949,23.851628
2016-11-03,24.267127,24.178091,24.019806,23.86152
2016-11-04,24.910161,24.850804,24.13852,24.118734
2016-11-07,24.821126,24.445198,24.73209,24.356162
2016-11-08,25.009089,24.741983,24.643055,24.435305
2016-11-09,25.206946,24.672733,24.741983,24.464983
2016-11-10,25.246518,24.890375,25.177268,24.652947
2016-11-11,24.969518,24.455091,24.890375,24.455091
2016-11-14,24.781554,24.237448,24.435305,23.871413
2016-11-15,24.405626,24.395734,24.158306,24.079163
2016-11-16,24.603483,24.296805,24.395734,24.267127
2016-11-17,24.346269,24.039592,24.296805,23.990127
2016-11-18,24.187984,23.990127,24.029699,23.960449
2016-11-21,24.108841,23.920878,23.990127,23.851628
2016-11-22,24.089056,24.039592,23.920878,23.871413
2016-11-23,24.059377,22.892023,24.049484,22.634809
2016-11-24,22.872237,22.644702,22.802987,22.565559
2016-11-25,22.802987,22.74363,22.664487,22.565559
2016-11-28,22.822773,22.456738,22.822773,22.436952
2016-11-29,22.595237,22.476523,22.545773,22.407274
2016-11-30,22.753523,22.555666,22.486416,22.446845
2016-12-01,22.763416,22.733737,22.545773,22.446845
2016-12-02,22.713952,22.427059,22.67438,22.328131
2016-12-05,22.496309,22.061024,22.308345,21.981882
2016-12-06,22.278667,22.090703,22.100596,22.021453
2016-12-07,22.278667,22.169846,22.120381,22.051132
2016-12-08,22.229203,22.051132,22.179738,22.041239
2016-12-09,22.15006,21.566383,22.061024,21.269597
2016-12-12,21.55649,20.379242,21.467454,20.181385
2016-12-13,20.725491,20.646349,20.379242,19.993422
2016-12-14,20.626563,20.112136,20.478171,20.112136
2016-12-15,20.329778,20.042886,20.131921,19.785672
2016-12-16,21.051955,20.774956,20.032993,20.032993
2016-12-19,20.82442,20.666134,20.774956,20.577099
2016-12-20,20.745277,20.557313,20.646349,20.478171
2016-12-21,21.388311,20.903563,20.725491,20.725491
2016-12-22,20.953027,20.676027,20.953027,20.646349
2016-12-23,20.765063,20.586992,20.636456,20.438599
2016-12-26,20.735384,20.626563,20.567206,20.201171
2016-12-27,20.854098,20.656242,20.646349,20.54742
2016-12-28,20.804634,20.458385,20.626563,20.448492
2016-12-29,20.745277,20.61667,20.468278,20.329778
2016-12-30,20.873884,20.715599,20.606777,20.517742
2017-01-03,20.883777,20.765063,20.725491,20.586992
2017-01-04,21.34874,21.249812,20.745277,20.695813
2017-01-05,21.289383,20.982705,21.269597,20.913455
2017-01-06,20.982705,20.765063,20.923348,20.666134
2017-01-09,20.863991,20.82442,20.814527,20.626563
2017-01-10,20.943134,20.89367,20.873884,20.666134
2017-01-11,20.933241,20.774956,20.774956,20.705706
2017-01-12,20.834313,20.329778,20.774956,20.329778
2017-01-13,20.428706,19.95385,20.309992,19.914279
2017-01-16,19.973636,19.201995,19.973636,17.955497
2017-01-17,19.716422,19.56803,19.241566,19.162423
2017-01-18,19.488887,19.320709,19.488887,19.251459
2017-01-19,19.746101,19.409744,19.439423,19.380066
2017-01-20,19.934065,19.785672,19.528458,19.439423
2017-01-23,20.141814,19.983529,19.8846,19.765886
2017-01-24,19.983529,19.815351,19.973636,19.785672
2017-01-25,20.171493,20.062671,19.8846,19.785672
2017-01-26,20.488063,20.428706,20.122028,20.042886
2017-02-03,20.745277,20.577099,20.676027,20.389135
2017-02-06,20.765063,20.75517,20.478171,20.478171
2017-02-07,20.854098,20.715599,20.725491,20.596885
2017-02-08,20.75517,20.606777,20.676027,20.369349
2017-02-09,20.676027,20.537528,20.666134,20.448492
2017-02-10,20.75517,20.418814,20.75517,20.339671
2017-02-13,20.567206,20.438599,20.567206,20.240743
2017-02-14,20.517742,20.418814,20.478171,20.329778
2017-02-15,20.497956,20.280314,20.418814,20.191278
2017-02-16,20.359457,20.1616,20.3001,20.131921
2017-02-17,20.23085,19.845029,20.191278,19.825243
2017-02-20,20.131921,19.894493,19.864815,19.775779
2017-02-21,20.577099,20.458385,19.983529,19.963743
2017-02-22,20.596885,20.478171,20.527635,20.319885
2017-02-23,20.61667,20.408921,20.557313,20.290207
2017-02-24,21.012384,20.774956,20.418814,20.399028
2017-02-27,21.368526,21.121205,20.784848,20.705706
2017-02-28,21.34874,21.042062,20.883777,20.883777
2017-03-01,21.635632,21.269597,21.170669,21.071741
2017-03-02,21.388311,20.972812,21.249812,20.854098
2017-03-03,21.160776,21.022277,20.873884,20.745277
2017-03-06,21.497133,21.249812,21.121205,21.071741
2017-03-07,21.94231,21.833489,21.309169,21.259705
2017-03-08,22.15006,21.269597,22.061024,21.249812
2017-03-09,21.259705,20.923348,21.259705,20.695813
2017-03-10,21.121205,20.873884,20.873884,20.804634
2017-03-13,21.714775,21.467454,20.972812,20.854098
2017-03-14,21.170669,20.032993,21.170669,19.835136
2017-03-15,19.983529,19.657065,19.983529,19.449316
2017-03-16,19.904386,19.736208,19.696637,19.686744
2017-03-17,19.983529,19.657065,19.775779,19.63728
2017-03-20,19.775779,19.538351,19.686744,19.340494
2017-03-21,19.666958,19.627387,19.558137,19.459208
2017-03-22,19.934065,19.706529,19.56803,19.478994
2017-03-23,19.795565,19.686744,19.706529,19.488887
2017-03-24,19.805458,19.736208,19.696637,19.617494
2017-03-27,20.003314,19.845029,19.775779,19.765886
2017-03-28,19.904386,19.449316,19.854922,19.449316
2017-03-29,19.538351,19.22178,19.469101,19.103066
2017-03-30,19.29103,19.023924,19.192102,19.004138
2017-03-31,19.330602,19.310816,19.023924,19.014031
2017-04-05,19.459208,19.380066,19.340494,19.172316
2017-04-06,20.052779,19.864815,19.389959,19.340494
2017-04-07,20.131921,19.815351,19.785672,19.726315
2017-04-10,19.974429,19.765637,19.924717,19.686097
2017-04-11,19.964487,19.924717,19.865062,19.556845
2017-04-12,20.053969,19.884947,19.924717,19.745752
2017-04-13,19.904832,19.705982,19.904832,19.586673
2017-04-14,19.705982,19.407708,19.676155,19.288398
2017-04-17,19.53696,19.328168,19.407708,19.298341
2017-04-18,19.487248,19.308283,19.45742,19.308283
2017-04-19,19.586673,19.556845,19.278456,18.791275
2017-04-20,19.6165,19.328168,19.477305,19.228743
2017-04-21,19.646327,19.248628,19.288398,19.179031
2017-04-24,19.377881,19.328168,19.238686,18.870814
2017-04-25,20.034084,19.884947,19.308283,19.298341
2017-04-26,19.934659,19.77558,19.77558,19.596615
2017-04-27,19.994314,19.815349,19.686097,19.308283
2017-04-28,20.242876,20.024141,19.815349,19.73581
2017-05-02,20.332358,20.143451,20.034084,19.904832
2017-05-03,20.103681,19.984371,20.093739,19.725867
2017-05-04,20.103681,19.944602,19.884947,19.73581
2017-05-05,19.974429,19.686097,19.875004,19.666212
2017-05-08,19.875004,19.686097,19.69604,19.467363
2017-05-09,20.282646,20.252818,19.53696,19.49719
2017-05-10,20.451668,20.073854,20.113624,20.014199
2017-05-11,20.38207,20.38207,19.964487,19.69604
2017-05-12,20.779769,20.779769,20.3423,20.113624
2017-05-15,21.058159,21.038274,20.600805,20.600805
2017-05-16,21.117813,21.028331,20.978619,20.710172
2017-05-17,21.406145,21.028331,20.938849,20.928906
2017-05-18,21.257008,20.879194,20.779769,20.690287
2017-05-19,21.018389,20.54115,20.879194,20.431783
2017-05-22,20.720114,20.600805,20.431783,20.292588
2017-05-23,20.889137,20.680345,20.58092,20.392013
2017-05-24,21.097928,21.058159,20.58092,20.401955
2017-05-25,21.247066,21.018389,21.028331,20.730057
2017-05-26,21.237123,21.187411,20.998504,20.909021
2017-05-31,21.595052,21.147641,21.376318,21.107871
2017-06-01,21.227181,20.730057,21.147641,20.610747
2017-06-02,21.127756,21.068101,20.670402,20.58092
2017-06-05,21.376318,21.356433,21.157583,21.117813
2017-06-06,21.50557,21.237123,21.366375,21.177468
2017-06-07,21.863499,21.654707,21.34649,21.157583
2017-06-08,21.754132,21.604995,21.654707,21.475742
2017-06-09,21.833671,21.744189,21.604995,21.475742
2017-06-12,21.714362,21.237123,21.614937,21.107871
2017-06-13,21.704419,21.475742,21.217238,21.217238
2017-06-14,21.704419,21.237123,21.515512,21.217238
2017-06-15,21.734247,21.177468,21.406145,21.137698
2017-06-16,21.326605,20.918964,21.217238,20.899079
2017-06-19,21.177468,21.028331,20.879194,20.749942
2017-06-20,21.296778,20.988561,21.097928,20.889137
2017-06-21,21.227181,21.227181,21.008446,20.909021
2017-06-22,21.227181,20.680345,21.217238,20.62069
2017-06-23,20.819539,20.70023,20.680345,20.392013
2017-06-26,21.028331,20.968676,20.600805,20.481495
2017-06-27,21.137698,20.998504,20.859309,20.690287
2017-06-28,21.376318,21.008446,20.978619,20.899079
2017-06-29,21.137698,20.799654,20.948791,20.680345
2017-06-30,20.879194,20.749942,20.779769,20.600805
2017-07-03,21.316663,21.276893,20.70023,20.650517
2017-07-04,21.356433,21.087986,21.296778,21.078044
2017-07-05,21.42603,21.247066,21.008446,21.008446
2017-07-06,21.336548,20.819539,21.326605,20.690287
2017-07-07,20.899079,20.650517,20.779769,20.62069
2017-07-10,20.670402,19.934659,20.58092,19.725867
2017-07-11,19.924717,19.596615,19.805407,19.53696
2017-07-12,19.875004,19.745752,19.596615,19.596615
2017-07-13,19.835234,19.626442,19.765637,19.45742
2017-07-14,19.626442,19.298341,19.556845,19.268513
2017-07-17,19.387823,18.910584,19.298341,18.741562
2017-07-18,19.069664,19.059721,18.801217,18.791275
2017-07-19,19.278456,19.198916,19.069664,18.77139
2017-07-20,19.556845,19.328168,19.198916,19.139261
2017-07-21,19.437535,19.099491,19.268513,19.039836
2017-07-24,19.059721,18.761447,19.059721,18.711735
2017-07-25,19.109434,18.970239,18.880757,18.81116
2017-07-26,19.238686,19.079606,18.990124,18.81116
2017-07-27,20.053969,19.825292,19.089549,19.000067
2017-07-28,20.063911,19.795464,19.865062,19.636385
2017-07-31,19.835234,19.556845,19.715925,19.437535
2017-08-01,19.646327,19.407708,19.646327,19.218801
2017-08-02,19.507133,19.258571,19.467363,19.169089
2017-08-03,19.57673,19.278456,19.188974,19.139261
2017-08-04,19.377881,18.831045,19.288398,18.791275
2017-08-07,19.000067,18.801217,18.870814,18.761447
2017-08-08,19.099491,19.029894,18.840987,18.592425
2017-08-09,18.970239,18.880757,18.592425,18.592425
2017-08-10,18.860872,18.592425,18.860872,18.453231
2017-08-11,18.542713,18.224554,18.443288,18.035647
2017-08-14,18.662022,18.493,18.323978,18.254381
2017-08-15,19.188974,19.069664,18.582483,18.562598
2017-08-16,19.73581,19.556845,18.970239,18.741562
2017-08-17,19.686097,19.467363,19.427593,19.348053
2017-08-18,19.586673,19.467363,19.467363,19.308283
2017-08-21,19.676155,19.447478,19.53696,19.367938
2017-08-22,19.527018,19.109434,19.527018,19.019952
2017-08-23,19.198916,18.990124,19.129319,18.950354
2017-08-24,19.049779,18.721677,18.960297,18.711735
2017-08-25,18.980182,18.960297,18.791275,18.741562
2017-08-28,19.208859,19.089549,18.890699,18.860872
2017-08-29,19.149204,18.870814,19.039836,18.77139
2017-08-30,19.089549,19.029894,18.890699,18.840987
2017-08-31,19.208859,19.089549,19.000067,19.000067
2017-09-01,19.308283,19.258571,19.129319,19.039836
2017-09-04,19.686097,19.57673,19.288398,19.159146
2017-09-05,19.705982,19.49719,19.517075,19.338111
2017-09-06,19.467363,19.41765,19.45742,19.188974
2017-09-07,19.487248,19.268513,19.45742,19.248628
2017-09-08,19.447478,19.188974,19.268513,19.089549
2017-09-11,19.377881,19.258571,19.238686,19.188974
2017-09-12,19.278456,18.990124,19.208859,18.980182
2017-09-13,19.099491,19.079606,18.990124,18.850929
2017-09-14,19.268513,19.198916,19.079606,18.970239
2017-09-15,19.218801,18.990124,19.188974,18.930469
2017-09-18,19.029894,18.980182,18.990124,18.860872
2017-09-19,19.029894,18.831045,19.000067,18.741562
2017-09-20,18.920527,18.880757,18.880757,18.791275
2017-09-21,19.129319,18.910584,18.900642,18.831045
2017-09-22,18.970239,18.81116,18.940412,18.662022
2017-09-25,19.079606,18.870814,18.840987,18.831045
2017-09-26,18.950354,18.443288,18.870814,18.184784
2017-09-27,18.57254,18.483058,18.473116,18.353806
2017-09-28,18.582483,18.502943,18.552655,18.393576
2017-09-29,18.632195,18.61231,18.512885,18.443288
2017-10-09,18.870814,18.493,18.73162,18.423403
2017-10-10,19.288398,19.089549,18.522828,18.423403
2017-10-11,19.437535,19.169089,19.049779,18.940412
2017-10-12,19.357996,19.089549,19.139261,18.930469
2017-10-13,19.387823,19.367938,19.218801,19.089549
2017-10-16,19.53696,18.990124,19.437535,18.880757
2017-10-17,19.099491,19.049779,18.910584,18.900642
2017-10-18,19.119376,18.930469,19.089549,18.900642
2017-10-19,19.059721,18.940412,18.930469,18.493
2017-10-20,19.198916,18.990124,18.850929,18.850929
2017-10-23,19.228743,19.049779,18.990124,18.960297
2017-10-24,19.208859,18.990124,19.010009,18.831045
2017-10-25,19.437535,19.348053,18.990124,18.950354
2017-10-26,19.755695,19.65627,19.387823,19.228743
2017-10-27,19.765637,19.367938,19.6165,19.318226
2017-10-30,19.725867,19.566788,19.308283,19.149204
2017-10-31,20.173278,20.034084,19.517075,19.517075
2017-11-01,20.163336,19.964487,20.044026,19.865062
2017-11-02,20.044026,19.725867,20.014199,19.715925
2017-11-03,19.845177,19.477305,19.69604,19.367938
2017-11-06,19.666212,19.57673,19.517075,19.149204
2017-11-07,19.65627,19.636385,19.507133,19.427593
2017-11-08,20.42184,20.083796,19.646327,19.646327
2017-11-09,20.362185,20.242876,20.123566,20.014199
2017-11-10,21.008446,20.849367,20.282646,20.272703
2017-11-13,21.237123,20.889137,20.978619,20.610747
2017-11-14,21.356433,20.720114,20.889137,20.66046
2017-11-15,20.958734,20.58092,20.769827,20.392013
2017-11-16,21.078044,20.918964,20.650517,20.481495
2017-11-17,20.978619,20.431783,20.779769,20.431783
2017-11-20,20.66046,20.372128,20.372128,19.984371
2017-11-21,20.62069,19.904832,20.42184,19.904832
2017-11-22,20.103681,19.606557,19.785522,19.288398
2017-11-23,19.855119,19.288398,19.606557,19.238686
2017-11-24,19.646327,19.57673,19.288398,19.010009
2017-11-27,19.53696,19.010009,19.53696,18.990124
2017-11-28,19.069664,18.950354,19.069664,18.642138
2017-11-29,18.910584,18.502943,18.890699,18.264324
2017-11-30,18.65208,18.373691,18.473116,18.373691
2017-12-01,18.552655,18.502943,18.403518,18.135071
2017-12-04,18.57254,18.065474,18.57254,18.065474
2017-12-05,18.184784,18.045589,18.045589,17.995877
2017-12-06,18.194726,17.906395,18.055532,17.618063
2017-12-07,17.896452,17.717488,17.896452,17.558408
2017-12-08,17.975992,17.856682,17.628005,17.628005
2017-12-11,18.483058,18.304093,17.966049,17.876567
2017-12-12,18.343863,17.985934,18.323978,17.966049
2017-12-13,18.065474,18.015762,18.005819,17.737372
2017-12-14,18.005819,17.80697,17.995877,17.697603
2017-12-15,17.836797,17.707545,17.816912,17.558408
2017-12-18,17.797027,17.598178,17.697603,17.598178
2017-12-19,17.966049,17.926279,17.697603,17.558408
2017-12-20,18.990124,18.671965,18.065474,17.995877
2017-12-21,18.701792,18.53277,18.681907,18.383633
2017-12-22,18.751505,18.343863,18.582483,18.304093
2017-12-25,18.900642,18.671965,18.343863,18.194726
2017-12-26,18.751505,18.622253,18.602368,18.453231
2017-12-27,18.840987,18.69185,18.622253,18.443288
2017-12-28,18.761447,18.493,18.671965,18.493
2017-12-29,18.642138,18.552655,18.53277,18.403518
2018-01-02,18.662022,18.453231,18.592425,18.254381
2018-01-03,18.81116,18.671965,18.403518,18.403518
2018-01-04,19.029894,18.761447,18.632195,18.592425
2018-01-05,18.840987,18.711735,18.821102,18.592425
2018-01-08,18.761447,18.57254,18.751505,18.383633
2018-01-09,18.57254,18.393576,18.57254,18.343863
2018-01-10,18.57254,18.194726,18.383633,18.184784
2018-01-11,18.304093,18.164899,18.224554,18.005819
2018-01-12,18.214611,18.075417,18.174841,18.045589
2018-01-15,18.095302,17.717488,18.065474,17.707545
2018-01-16,17.946164,17.876567,17.717488,17.64789
2018-01-17,18.254381,18.194726,17.876567,17.757257
2018-01-18,18.314036,18.025704,18.314036,18.015762
2018-01-19,18.363748,17.946164,18.045589,17.84674
2018-01-22,18.65208,18.53277,17.956107,17.84674
2018-01-23,18.632195,18.333921,18.493,18.254381
2018-01-24,19.755695,19.427593,18.194726,18.184784
2018-01-25,20.083796,19.298341,19.487248,19.248628
2018-01-26,19.666212,19.387823,19.318226,19.258571
2018-01-29,19.666212,19.129319,19.367938,18.860872
2018-01-30,19.348053,19.079606,19.079606,18.890699
2018-01-31,19.218801,18.343863,18.990124,18.343863
2018-02-01,18.751505,18.274266,18.413461,18.244439
2018-02-02,19.039836,18.761447,18.005819,17.916337
2018-02-05,19.019952,18.671965,18.592425,18.512885
2018-02-09,18.393576,17.876567,17.995877,17.628005
2018-02-12,18.81116,18.61231,18.035647,18.035647
2018-02-13,19.079606,18.463173,18.65208,18.323978
2018-02-14,18.592425,18.393576,18.502943,18.264324
2018-02-22,19.079606,18.950354,18.711735,18.443288
2018-02-23,19.149204,19.010009,18.900642,18.890699
2018-02-26,19.357996,19.198916,19.169089,18.791275
2018-02-27,19.626442,19.348053,19.258571,19.139261
2018-02-28,19.626442,19.546903,19.338111,19.010009
2018-03-01,19.725867,19.517075,19.387823,19.139261
2018-03-02,19.586673,19.049779,19.298341,18.910584
2018-03-05,19.338111,19.278456,19.049779,18.990124
2018-03-06,19.944602,19.437535,19.328168,19.188974
2018-03-07,19.715925,19.636385,19.467363,19.308283
2018-03-08,19.686097,19.49719,19.586673,19.387823
2018-03-09,20.531207,20.471553,19.53696,19.487248
2018-03-12,20.839424,20.38207,20.481495,20.242876
2018-03-13,20.879194,20.521265,20.511323,20.352243
2018-03-14,20.680345,20.133509,20.401955,20.053969
2018-03-15,20.262761,20.173278,20.242876,19.845177
2018-03-16,20.242876,19.785522,20.203106,19.686097
2018-03-19,20.252818,19.974429,19.835234,19.765637
2018-03-20,20.362185,20.332358,19.805407,19.65627
2018-03-21,20.431783,19.69604,20.292588,19.596615
2018-03-22,19.875004,19.566788,19.705982,19.53696
2018-03-23,19.686097,19.089549,19.000067,18.950354
2018-03-26,19.676155,19.57673,19.109434,18.940412
2018-03-27,20.38207,20.282646,19.835234,19.725867
2018-03-28,20.511323,19.745752,20.143451,19.73581
2018-03-29,20.451668,20.302531,19.765637,19.765637
2018-03-30,21.028331,20.769827,20.38207,20.302531
2018-04-02,20.998504,20.680345,20.899079,20.531207
2018-04-03,20.650517,20.203106,20.50138,20.053969
2018-04-04,20.749942,20.411898,20.213048,20.213048
2018-04-09,20.938849,20.70023,20.411898,20.282646
2018-04-10,20.690287,20.292588,20.640575,20.083796
2018-04-11,20.531207,20.242876,20.392013,20.213048
2018-04-12,20.392013,20.123566,20.193163,20.123566
2018-04-13,20.352243,19.884947,20.272703,19.835234
2018-04-16,20.680345,19.805407,20.431783,19.606557
2018-04-17,20.113624,19.606557,19.73581,19.606557
2018-04-18,20.282646,20.153394,19.705982,19.517075
2018-04-19,20.252818,19.954544,20.183221,19.884947
2018-04-20,20.024141,19.646327,19.914774,19.53696
2018-04-23,19.884947,19.57673,19.646327,19.397766
2018-04-24,20.034084,19.994314,19.666212,19.507133
2018-04-25,19.964487,19.69604,19.964487,19.596615
2018-04-26,20.044026,19.865062,19.815349,19.487248
2018-04-27,20.42184,20.352243,19.875004,19.686097
2018-05-02,20.759884,20.352243,20.362185,20.123566
2018-05-03,20.680345,20.58092,20.312473,20.083796
2018-05-04,20.730057,20.213048,20.531207,20.193163
2018-05-07,20.670402,20.670402,20.282646,20.193163
2018-05-08,20.918964,20.739999,20.690287,20.531207
2018-05-09,21.08,20.98,20.85,20.53
2018-05-10,21.0,20.86,20.9,20.67
2018-05-11,21.05,20.64,20.94,20.55
2018-05-14,20.98,20.84,20.71,20.59
2018-05-15,20.85,20.49,20.84,20.29
2018-05-16,20.67,20.51,20.44,20.32
2018-05-17,20.53,20.01,20.46,19.83
2018-05-18,20.32,20.22,20.03,19.91
2018-05-21,20.48,20.23,20.31,20.17
2018-05-22,20.36,20.27,20.33,20.1
2018-05-23,20.36,20.13,20.31,20.08
2018-05-24,20.3,19.86,20.0,19.8
2018-05-25,20.65,20.49,19.97,19.88
2018-05-28,21.05,20.87,20.54,20.46
2018-05-29,21.15,20.73,20.9,20.61
2018-05-30,22.75,22.0,20.48,20.48
2018-05-31,23.36,23.16,22.03,21.86
2018-06-01,23.19,23.01,22.94,22.48
2018-06-04,23.66,23.0,23.0,22.7
2018-06-05,23.42,23.26,22.9,22.57
2018-06-06,23.19,22.68,23.03,22.41
2018-06-07,24.1,23.94,22.78,22.5
2018-06-08,24.0,23.55,23.71,23.25
2018-06-11,23.99,22.87,23.68,22.71
2018-06-12,24.79,24.54,23.06,22.9
2018-06-13,24.67,24.1,24.38,23.89
2018-06-14,24.44,23.9,24.11,23.54
2018-06-15,24.19,22.95,24.12,22.82
2018-06-19,23.17,22.3,22.52,21.8
2018-06-20,22.96,22.55,22.23,22.04
2018-06-21,22.9,21.8,22.57,21.79
2018-06-22,22.96,22.8,21.55,21.35
2018-06-25,23.1,22.1,22.85,21.86
2018-06-26,22.78,22.24,21.8,21.8
2018-06-27,22.5,21.8,22.3,21.52
2018-06-28,23.98,22.88,22.4,22.34
2018-06-29,23.84,23.5,22.69,22.6
2018-07-02,24.55,23.99,23.59,23.3
2018-07-03,23.88,23.22,23.85,22.29
2018-07-04,23.65,23.03,23.01,22.89
2018-07-05,23.54,22.59,22.88,22.5
2018-07-06,22.88,22.07,22.33,21.7
2018-07-09,23.65,23.59,22.31,22.3
2018-07-10,23.97,23.7,23.8,23.36
2018-07-11,24.38,23.99,23.2,23.01
2018-07-12,24.91,24.26,23.75,23.7
2018-07-13,25.86,25.53,24.26,24.07
2018-07-16,27.56,26.8,25.3,25.27
2018-07-17,27.2,26.88,26.94,25.95
2018-07-18,27.85,27.04,26.74,26.65
2018-07-19,27.55,26.93,26.8,26.42
2018-07-20,27.6,26.61,26.88,26.3
2018-07-23,27.36,26.32,26.96,25.98
2018-07-24,26.75,26.16,26.51,25.8
2018-07-25,27.18,26.95,26.28,26.23
2018-07-26,27.0,26.2,27.0,25.77
2018-07-27,26.63,26.28,26.12,25.58
2018-07-30,26.7,25.24,26.63,25.22
2018-07-31,26.17,25.8,25.65,25.31
2018-08-01,26.8,26.31,26.19,25.95
2018-08-02,26.3,25.07,26.3,24.36
2018-08-03,25.55,24.83,25.01,24.75
2018-08-06,24.85,23.6,24.7,23.41
2018-08-07,24.83,24.56,23.85,23.85
2018-08-08,25.26,24.15,24.61,23.97
2018-08-09,25.6,25.1,24.21,24.15
2018-08-10,25.88,25.6,25.15,24.85
2018-08-13,26.4,26.1,25.17,24.8
2018-08-14,26.0,25.38,25.91,25.33
2018-08-15,25.58,24.93,25.54,24.55
2018-08-16,25.23,24.59,24.57,24.45
2018-08-17,25.17,24.76,25.0,24.21
2018-08-20,25.09,24.02,24.74,23.3
2018-08-21,24.94,24.64,23.83,23.81
2018-08-22,24.9,23.37,24.65,23.21
2018-08-23,23.94,23.5,23.39,23.22
2018-08-24,23.96,23.55,23.58,23.34
2018-08-27,25.29,25.16,23.6,23.6
2018-08-28,25.1,24.41,25.1,24.24
2018-08-29,24.42,22.6,24.42,22.0
2018-08-30,23.46,23.12,22.48,22.45
2018-08-31,23.2,22.47,22.8,22.26
2018-09-03,22.97,22.79,22.33,21.77
2018-09-04,23.19,22.89,22.57,22.45
2018-09-05,22.7,22.15,22.7,22.15
2018-09-06,22.28,21.33,21.95,21.21
2018-09-07,22.22,21.61,21.53,21.26
2018-09-10,21.88,21.18,21.77,20.9
2018-09-11,21.28,21.1,21.01,20.55
2018-09-12,21.54,20.81,21.2,20.64
2018-09-13,21.72,21.48,21.2,20.8
2018-09-14,21.5,20.57,21.42,20.22
2018-09-17,20.5,19.35,20.5,19.3
2018-09-18,20.28,20.19,19.35,19.35
2018-09-19,20.94,20.8,20.54,20.3
2018-09-20,21.85,21.25,20.8,20.8
2018-09-21,21.81,21.75,21.65,21.14
2018-09-25,21.59,21.43,21.59,21.08
2018-09-26,22.27,21.99,21.42,21.26
2018-09-27,21.97,21.19,21.97,21.16
2018-09-28,22.25,22.25,21.2,21.15
2018-10-08,21.84,21.23,21.77,21.06
2018-10-09,21.63,21.32,21.22,20.81
2018-10-10,21.42,20.82,21.42,20.45
2018-10-11,20.49,19.77,20.08,19.6
2018-10-12,21.41,21.3,19.88,19.86
2018-10-15,21.52,20.79,21.37,20.52
2018-10-16,20.8,20.27,20.55,19.93
2018-10-17,20.94,20.83,20.61,20.06
2018-10-18,21.22,20.79,20.85,20.06
2018-10-19,21.68,21.1,20.5,20.03
2018-10-22,23.2,22.68,21.5,21.3
2018-10-23,22.7,21.98,22.6,21.66
2018-10-24,22.3,21.4,21.94,21.21
2018-10-25,21.75,21.25,20.54,20.42
2018-10-26,21.53,20.89,21.45,20.8
2018-10-29,20.92,20.27,20.72,19.94
2018-10-30,21.15,21.07,20.26,20.05
2018-10-31,21.71,21.17,21.1,20.89
2018-11-01,21.75,21.21,21.35,21.13
2018-11-02,22.79,22.58,22.0,21.6
2018-11-05,22.87,22.2,22.44,21.68
2018-11-06,22.28,22.25,22.16,21.7
2018-11-07,22.7,22.41,22.11,21.93
2018-11-08,22.8,21.8,22.6,21.63
2018-11-09,22.03,21.8,21.7,21.43
2018-11-12,22.85,22.7,21.8,21.57
2018-11-13,23.67,23.24,22.48,22.3
2018-11-14,23.4,22.74,23.1,22.63
2018-11-15,22.94,22.88,22.74,22.44
2018-11-16,23.19,22.86,22.99,22.45
2018-11-19,22.65,22.39,22.65,22.06
2018-11-20,22.59,22.1,22.16,22.08
2018-11-21,22.35,22.12,22.22,21.7
2018-11-22,22.13,21.93,22.11,21.77
2018-11-23,21.93,21.57,21.9,21.18
2018-11-26,21.68,21.23,21.55,21.19
2018-11-27,21.85,21.58,21.38,21.38
2018-11-28,21.68,21.65,21.58,21.18
2018-11-29,22.1,21.56,21.77,21.55
2018-11-30,22.07,21.99,21.53,21.4
2018-12-03,22.85,22.66,22.6,22.16
2018-12-04,22.66,22.33,22.5,22.15
2018-12-05,22.45,22.15,22.17,22.02
2018-12-06,22.17,21.92,21.99,21.72
2018-12-07,22.37,22.31,21.88,21.85
2018-12-10,22.25,20.08,22.14,20.08
2018-12-11,20.7,20.68,20.11,19.24
2018-12-12,20.57,19.99,20.41,19.77
2018-12-13,20.22,20.0,19.99,19.84
2018-12-14,20.25,20.0,20.01,19.9
2018-12-17,19.91,19.8,19.74,19.21
2018-12-18,20.09,19.65,19.62,19.3
2018-12-19,19.8,19.5,19.7,19.39
2018-12-20,19.76,19.6,19.35,19.33
2018-12-21,19.96,19.7,19.59,19.38
2018-12-24,20.15,19.94,19.75,19.39
2018-12-25,20.09,19.92,19.73,19.5
2018-12-26,20.85,20.63,19.91,19.82
2018-12-27,20.97,20.88,20.78,20.34
2018-12-28,21.35,21.35,20.97,20.6
2019-01-02,21.35,19.52,21.35,19.31
2019-01-03,19.81,19.0,19.41,18.72
2019-01-04,19.19,18.94,18.8,18.58
2019-01-07,19.15,18.95,18.95,18.73
2019-01-08,19.21,19.05,18.92,18.78
2019-01-09,19.78,19.25,19.07,19.02
2019-01-10,19.76,19.6,19.13,19.13
2019-01-11,19.69,19.6,19.63,19.39
2019-01-14,19.65,18.99,19.61,18.74
2019-01-15,19.19,19.19,18.89,18.78
2019-01-16,19.46,19.0,19.19,18.91
2019-01-17,19.17,18.9,19.1,18.89
2019-01-18,19.1,18.9,18.92,18.71
2019-01-21,19.76,19.62,18.92,18.92
2019-01-22,19.71,19.6,19.65,19.38
2019-01-23,19.72,19.3,19.63,19.02
2019-01-24,19.64,19.6,19.27,19.06
2019-01-25,19.95,19.81,19.66,19.55
2019-01-28,20.2,19.66,19.88,19.51
2019-01-29,19.84,19.63,19.71,19.45
2019-01-30,19.63,19.14,19.57,19.01
2019-01-31,19.63,19.45,19.15,19.05
2019-02-01,20.02,19.94,19.55,19.2
2019-02-11,20.32,20.27,20.07,19.71
2019-02-12,20.86,20.73,20.27,20.09
2019-02-13,21.51,21.27,20.73,20.73
2019-02-14,21.61,21.38,21.25,21.1
2019-02-15,21.5,21.01,21.29,20.99
2019-02-18,21.7,21.57,21.1,21.06
2019-02-19,21.95,21.45,21.63,21.06
2019-02-20,21.58,21.07,21.35,20.8
2019-02-21,21.32,20.87,21.1,20.76
2019-02-22,21.13,21.1,20.8,20.75
2019-02-25,21.99,21.88,21.19,20.95
2019-02-26,22.18,21.42,21.7,21.38
2019-02-27,21.3,20.72,21.3,20.65
2019-02-28,21.18,21.1,20.69,20.64
2019-03-01,22.31,21.72,21.78,21.32
2019-03-04,22.68,22.13,21.8,21.4
2019-03-05,22.68,22.13,21.8,21.4
